@relation ./ML-assignments/Assignment6/databases_disc/databases_EWD1_arff/kr-vs-k-zero-one_vs_draw/EWD1kr-vs-k-zero-one_vs_draw-5-2tra.dat

@attribute  numeric
@attribute 0 numeric
@attribute 1 numeric
@attribute 2 numeric
@attribute 3 numeric
@attribute 4 numeric
@attribute 5 numeric
@attribute Class {' negative'}
@data
0,0.0,0.0,0.0,0.0,0.0,0.0,' negativ
1,0.0,0.0,0.0,0.0,0.0,0.0,' negativ
2,0.0,0.0,0.0,0.0,0.0,0.0,' negativ
3,0.0,0.0,0.0,0.0,0.0,0.0,' negativ
4,0.0,0.0,0.0,0.0,0.0,0.0,' negativ
5,0.0,0.0,0.0,0.0,0.0,0.0,' negativ
6,0.0,0.0,0.0,0.0,0.0,0.0,' negativ
7,0.0,0.0,0.0,0.0,0.0,0.0,' negativ
8,0.0,0.0,0.0,0.0,0.0,0.0,' negativ
9,0.0,0.0,0.0,0.0,0.0,1.0,' negativ
10,0.0,0.0,0.0,1.0,0.0,0.0,' negativ
11,0.0,0.0,0.0,0.0,0.0,0.0,' negativ
12,0.0,0.0,0.0,0.0,0.0,0.0,' negativ
13,0.0,0.0,0.0,0.0,0.0,0.0,' negativ
14,0.0,0.0,0.0,0.0,0.0,0.0,' negativ
15,0.0,0.0,0.0,0.0,0.0,0.0,' negativ
16,0.0,0.0,0.0,0.0,0.0,0.0,' negativ
17,0.0,0.0,0.0,0.0,0.0,0.0,' negativ
18,0.0,0.0,0.0,0.0,0.0,0.0,' negativ
19,0.0,0.0,0.0,0.0,0.0,0.0,' negativ
20,0.0,0.0,0.0,0.0,0.0,0.0,' negativ
21,0.0,0.0,0.0,0.0,0.0,0.0,' negativ
22,0.0,0.0,0.0,0.0,0.0,0.0,' negativ
23,0.0,0.0,0.0,0.0,0.0,1.0,' negativ
24,0.0,0.0,0.0,0.0,0.0,0.0,' negativ
25,0.0,0.0,0.0,0.0,0.0,0.0,' negativ
26,0.0,0.0,0.0,0.0,0.0,1.0,' negativ
27,0.0,0.0,0.0,1.0,0.0,0.0,' negativ
28,0.0,0.0,0.0,1.0,0.0,0.0,' negativ
29,0.0,0.0,0.0,1.0,0.0,1.0,' negativ
30,0.0,0.0,0.0,1.0,0.0,1.0,' negativ
31,0.0,0.0,0.0,1.0,0.0,1.0,' negativ
32,0.0,0.0,0.0,0.0,0.0,0.0,' negativ
33,0.0,0.0,0.0,0.0,0.0,0.0,' negativ
34,0.0,0.0,0.0,0.0,0.0,0.0,' negativ
35,0.0,0.0,0.0,0.0,1.0,0.0,' negativ
36,0.0,0.0,0.0,0.0,1.0,0.0,' negativ
37,0.0,0.0,0.0,0.0,0.0,0.0,' negativ
38,0.0,0.0,0.0,0.0,0.0,0.0,' negativ
39,0.0,0.0,0.0,0.0,0.0,0.0,' negativ
40,0.0,0.0,0.0,0.0,0.0,0.0,' negativ
41,0.0,0.0,0.0,0.0,0.0,0.0,' negativ
42,0.0,0.0,0.0,0.0,1.0,0.0,' negativ
43,0.0,0.0,0.0,0.0,1.0,0.0,' negativ
44,0.0,0.0,0.0,0.0,1.0,0.0,' negativ
45,0.0,0.0,0.0,0.0,0.0,0.0,' negativ
46,0.0,0.0,0.0,0.0,0.0,0.0,' negativ
47,0.0,0.0,0.0,0.0,0.0,1.0,' negativ
48,0.0,0.0,0.0,0.0,1.0,0.0,' negativ
49,0.0,0.0,0.0,0.0,1.0,1.0,' negativ
50,0.0,0.0,0.0,1.0,0.0,1.0,' negativ
51,0.0,0.0,0.0,1.0,0.0,0.0,' negativ
52,0.0,0.0,0.0,1.0,1.0,0.0,' negativ
53,0.0,0.0,0.0,1.0,1.0,1.0,' negativ
54,0.0,0.0,0.0,1.0,0.0,1.0,' negativ
55,0.0,0.0,0.0,1.0,0.0,1.0,' negativ
56,0.0,0.0,0.0,1.0,1.0,1.0,' negativ
57,0.0,0.0,0.0,1.0,1.0,1.0,' negativ
58,0.0,0.0,0.0,1.0,1.0,2.0,' negativ
59,0.0,0.0,0.0,2.0,1.0,1.0,' negativ
60,0.0,0.0,1.0,0.0,0.0,0.0,' negativ
61,0.0,0.0,1.0,0.0,0.0,0.0,' negativ
62,0.0,0.0,1.0,0.0,1.0,0.0,' negativ
63,0.0,0.0,1.0,0.0,0.0,0.0,' negativ
64,0.0,0.0,1.0,0.0,0.0,0.0,' negativ
65,0.0,0.0,1.0,0.0,0.0,0.0,' negativ
66,0.0,0.0,1.0,0.0,1.0,0.0,' negativ
67,0.0,0.0,1.0,0.0,1.0,0.0,' negativ
68,0.0,0.0,1.0,0.0,0.0,0.0,' negativ
69,0.0,0.0,1.0,0.0,0.0,1.0,' negativ
70,0.0,0.0,1.0,0.0,1.0,1.0,' negativ
71,0.0,0.0,1.0,0.0,1.0,0.0,' negativ
72,0.0,0.0,1.0,0.0,1.0,0.0,' negativ
73,0.0,0.0,1.0,0.0,1.0,1.0,' negativ
74,0.0,0.0,1.0,1.0,0.0,0.0,' negativ
75,0.0,0.0,1.0,1.0,0.0,1.0,' negativ
76,0.0,0.0,1.0,1.0,1.0,0.0,' negativ
77,0.0,0.0,1.0,1.0,1.0,1.0,' negativ
78,0.0,0.0,1.0,1.0,1.0,0.0,' negativ
79,0.0,0.0,1.0,1.0,1.0,1.0,' negativ
80,0.0,0.0,1.0,1.0,1.0,1.0,' negativ
81,0.0,0.0,1.0,1.0,0.0,1.0,' negativ
82,0.0,0.0,1.0,1.0,0.0,1.0,' negativ
83,0.0,0.0,1.0,1.0,1.0,1.0,' negativ
84,0.0,0.0,1.0,1.0,1.0,1.0,' negativ
85,0.0,0.0,1.0,1.0,1.0,1.0,' negativ
86,0.0,0.0,1.0,1.0,1.0,2.0,' negativ
87,0.0,0.0,1.0,2.0,0.0,1.0,' negativ
88,0.0,0.0,1.0,2.0,1.0,1.0,' negativ
89,0.0,0.0,1.0,2.0,1.0,1.0,' negativ
90,0.0,0.0,1.0,2.0,1.0,2.0,' negativ
91,0.0,0.0,1.0,2.0,1.0,2.0,' negativ
92,0.0,0.0,1.0,2.0,1.0,2.0,' negativ
93,0.0,0.0,1.0,0.0,1.0,0.0,' negativ
94,0.0,0.0,1.0,0.0,1.0,0.0,' negativ
95,0.0,0.0,1.0,0.0,2.0,0.0,' negativ
96,0.0,0.0,1.0,0.0,1.0,0.0,' negativ
97,0.0,0.0,1.0,0.0,1.0,0.0,' negativ
98,0.0,0.0,1.0,0.0,1.0,0.0,' negativ
99,0.0,0.0,1.0,0.0,1.0,0.0,' negativ
100,0.0,0.0,1.0,0.0,1.0,0.0,' negativ
101,0.0,0.0,1.0,0.0,2.0,0.0,' negativ
102,0.0,0.0,1.0,0.0,2.0,0.0,' negativ
103,0.0,0.0,1.0,0.0,1.0,0.0,' negativ
104,0.0,0.0,1.0,0.0,1.0,1.0,' negativ
105,0.0,0.0,1.0,0.0,1.0,0.0,' negativ
106,0.0,0.0,1.0,0.0,1.0,1.0,' negativ
107,0.0,0.0,1.0,0.0,2.0,0.0,' negativ
108,0.0,0.0,1.0,0.0,2.0,0.0,' negativ
109,0.0,0.0,1.0,0.0,2.0,1.0,' negativ
110,0.0,0.0,1.0,1.0,1.0,0.0,' negativ
111,0.0,0.0,1.0,1.0,1.0,1.0,' negativ
112,0.0,0.0,1.0,1.0,1.0,1.0,' negativ
113,0.0,0.0,1.0,1.0,1.0,0.0,' negativ
114,0.0,0.0,1.0,1.0,1.0,1.0,' negativ
115,0.0,0.0,1.0,1.0,2.0,0.0,' negativ
116,0.0,0.0,1.0,1.0,2.0,1.0,' negativ
117,0.0,0.0,1.0,1.0,2.0,1.0,' negativ
118,0.0,0.0,1.0,1.0,1.0,1.0,' negativ
119,0.0,0.0,1.0,1.0,1.0,1.0,' negativ
120,0.0,0.0,1.0,1.0,1.0,2.0,' negativ
121,0.0,0.0,1.0,1.0,1.0,1.0,' negativ
122,0.0,0.0,1.0,1.0,1.0,2.0,' negativ
123,0.0,0.0,1.0,1.0,2.0,1.0,' negativ
124,0.0,0.0,1.0,1.0,2.0,1.0,' negativ
125,0.0,0.0,1.0,1.0,2.0,2.0,' negativ
126,0.0,0.0,1.0,2.0,1.0,1.0,' negativ
127,0.0,0.0,1.0,2.0,1.0,2.0,' negativ
128,0.0,0.0,1.0,2.0,1.0,1.0,' negativ
129,0.0,0.0,1.0,2.0,1.0,2.0,' negativ
130,0.0,0.0,1.0,2.0,2.0,1.0,' negativ
131,0.0,0.0,1.0,2.0,2.0,2.0,' negativ
132,0.0,0.0,1.0,2.0,2.0,2.0,' negativ
133,0.0,0.0,1.0,2.0,1.0,2.0,' negativ
134,0.0,0.0,1.0,2.0,2.0,2.0,' negativ
135,0.0,0.0,1.0,2.0,2.0,2.0,' negativ
136,0.0,0.0,1.0,2.0,2.0,2.0,' negativ
137,0.0,0.0,1.0,2.0,2.0,2.0,' negativ
138,0.0,0.0,2.0,0.0,1.0,0.0,' negativ
139,0.0,0.0,2.0,0.0,1.0,0.0,' negativ
140,0.0,0.0,2.0,0.0,1.0,0.0,' negativ
141,0.0,0.0,2.0,0.0,1.0,0.0,' negativ
142,0.0,0.0,2.0,0.0,1.0,0.0,' negativ
143,0.0,0.0,2.0,0.0,2.0,0.0,' negativ
144,0.0,0.0,2.0,0.0,2.0,0.0,' negativ
145,0.0,0.0,2.0,0.0,1.0,0.0,' negativ
146,0.0,0.0,2.0,0.0,1.0,0.0,' negativ
147,0.0,0.0,2.0,0.0,1.0,1.0,' negativ
148,0.0,0.0,2.0,0.0,2.0,0.0,' negativ
149,0.0,0.0,2.0,0.0,2.0,1.0,' negativ
150,0.0,0.0,2.0,1.0,1.0,0.0,' negativ
151,0.0,0.0,2.0,1.0,1.0,1.0,' negativ
152,0.0,0.0,2.0,1.0,2.0,0.0,' negativ
153,0.0,0.0,2.0,1.0,1.0,1.0,' negativ
154,0.0,0.0,2.0,1.0,1.0,1.0,' negativ
155,0.0,0.0,2.0,1.0,1.0,2.0,' negativ
156,0.0,0.0,2.0,1.0,2.0,1.0,' negativ
157,0.0,0.0,2.0,1.0,2.0,2.0,' negativ
158,0.0,0.0,2.0,2.0,1.0,1.0,' negativ
159,0.0,0.0,2.0,2.0,1.0,2.0,' negativ
160,0.0,0.0,2.0,2.0,1.0,2.0,' negativ
161,0.0,0.0,2.0,2.0,2.0,1.0,' negativ
162,0.0,0.0,2.0,2.0,2.0,2.0,' negativ
163,0.0,0.0,2.0,2.0,1.0,2.0,' negativ
164,0.0,0.0,2.0,2.0,1.0,2.0,' negativ
165,0.0,0.0,2.0,2.0,2.0,2.0,' negativ
166,0.0,0.0,2.0,2.0,1.0,2.0,' negativ
167,0.0,0.0,2.0,2.0,2.0,2.0,' negativ
168,1.0,0.0,2.0,0.0,2.0,1.0,' negativ
169,1.0,0.0,2.0,0.0,2.0,1.0,' negativ
170,1.0,0.0,2.0,1.0,2.0,1.0,' negativ
171,1.0,0.0,2.0,1.0,2.0,1.0,' negativ
172,1.0,0.0,2.0,1.0,2.0,1.0,' negativ
173,1.0,0.0,2.0,1.0,2.0,2.0,' negativ
174,1.0,0.0,2.0,1.0,2.0,1.0,' negativ
175,1.0,0.0,2.0,2.0,2.0,2.0,' negativ
176,1.0,0.0,2.0,2.0,2.0,1.0,' negativ
177,1.0,0.0,2.0,2.0,2.0,2.0,' negativ
178,1.0,0.0,2.0,2.0,2.0,2.0,' negativ
179,1.0,0.0,2.0,2.0,2.0,2.0,' negativ
180,1.0,0.0,2.0,2.0,2.0,2.0,' negativ
181,1.0,0.0,2.0,2.0,2.0,2.0,' negativ
182,1.0,0.0,2.0,2.0,2.0,2.0,' negativ
183,1.0,0.0,2.0,2.0,2.0,2.0,' negativ
184,1.0,0.0,2.0,2.0,2.0,2.0,' negativ
185,1.0,0.0,2.0,2.0,2.0,2.0,' negativ
186,1.0,0.0,2.0,2.0,2.0,2.0,' negativ
187,1.0,0.0,2.0,0.0,2.0,0.0,' negativ
188,1.0,0.0,2.0,0.0,2.0,1.0,' negativ
189,1.0,0.0,2.0,0.0,2.0,1.0,' negativ
190,1.0,0.0,2.0,0.0,0.0,0.0,' negativ
191,1.0,0.0,2.0,1.0,2.0,0.0,' negativ
192,1.0,0.0,2.0,1.0,2.0,1.0,' negativ
193,1.0,0.0,2.0,1.0,2.0,1.0,' negativ
194,1.0,0.0,2.0,1.0,2.0,0.0,' negativ
195,1.0,0.0,2.0,1.0,2.0,1.0,' negativ
196,1.0,0.0,2.0,1.0,0.0,0.0,' negativ
197,1.0,0.0,2.0,1.0,0.0,1.0,' negativ
198,1.0,0.0,2.0,1.0,0.0,1.0,' negativ
199,1.0,0.0,2.0,1.0,2.0,1.0,' negativ
200,1.0,0.0,2.0,1.0,2.0,2.0,' negativ
201,1.0,0.0,2.0,1.0,2.0,1.0,' negativ
202,1.0,0.0,2.0,1.0,2.0,2.0,' negativ
203,1.0,0.0,2.0,1.0,0.0,1.0,' negativ
204,1.0,0.0,2.0,1.0,0.0,1.0,' negativ
205,1.0,0.0,2.0,2.0,2.0,1.0,' negativ
206,1.0,0.0,2.0,2.0,2.0,2.0,' negativ
207,1.0,0.0,2.0,2.0,2.0,2.0,' negativ
208,1.0,0.0,2.0,2.0,0.0,1.0,' negativ
209,1.0,0.0,2.0,2.0,0.0,2.0,' negativ
210,1.0,0.0,2.0,2.0,2.0,2.0,' negativ
211,1.0,0.0,2.0,2.0,2.0,2.0,' negativ
212,1.0,0.0,2.0,2.0,2.0,2.0,' negativ
213,1.0,0.0,2.0,2.0,0.0,2.0,' negativ
214,1.0,0.0,2.0,2.0,2.0,2.0,' negativ
215,1.0,0.0,2.0,2.0,2.0,2.0,' negativ
216,1.0,0.0,2.0,2.0,2.0,2.0,' negativ
217,1.0,0.0,2.0,2.0,0.0,2.0,' negativ
218,1.0,0.0,2.0,2.0,0.0,2.0,' negativ
219,1.0,0.0,0.0,0.0,2.0,0.0,' negativ
220,1.0,0.0,0.0,0.0,2.0,1.0,' negativ
221,1.0,0.0,0.0,0.0,0.0,1.0,' negativ
222,1.0,0.0,0.0,0.0,0.0,1.0,' negativ
223,1.0,0.0,0.0,1.0,2.0,0.0,' negativ
224,1.0,0.0,0.0,1.0,2.0,1.0,' negativ
225,1.0,0.0,0.0,1.0,0.0,0.0,' negativ
226,1.0,0.0,0.0,1.0,0.0,1.0,' negativ
227,1.0,0.0,0.0,1.0,0.0,0.0,' negativ
228,1.0,0.0,0.0,1.0,0.0,1.0,' negativ
229,1.0,0.0,0.0,1.0,0.0,1.0,' negativ
230,1.0,0.0,0.0,1.0,2.0,1.0,' negativ
231,1.0,0.0,0.0,1.0,2.0,1.0,' negativ
232,1.0,0.0,0.0,1.0,2.0,2.0,' negativ
233,1.0,0.0,0.0,1.0,0.0,1.0,' negativ
234,1.0,0.0,0.0,1.0,0.0,2.0,' negativ
235,1.0,0.0,0.0,1.0,0.0,1.0,' negativ
236,1.0,0.0,0.0,1.0,0.0,2.0,' negativ
237,1.0,0.0,0.0,2.0,2.0,1.0,' negativ
238,1.0,0.0,0.0,2.0,2.0,2.0,' negativ
239,1.0,0.0,0.0,2.0,2.0,2.0,' negativ
240,1.0,0.0,0.0,2.0,0.0,1.0,' negativ
241,1.0,0.0,0.0,2.0,0.0,2.0,' negativ
242,1.0,0.0,0.0,2.0,0.0,1.0,' negativ
243,1.0,0.0,0.0,2.0,2.0,2.0,' negativ
244,1.0,0.0,0.0,2.0,2.0,2.0,' negativ
245,1.0,0.0,0.0,2.0,0.0,2.0,' negativ
246,1.0,0.0,0.0,2.0,0.0,2.0,' negativ
247,1.0,0.0,0.0,2.0,0.0,2.0,' negativ
248,1.0,0.0,0.0,2.0,0.0,2.0,' negativ
249,1.0,0.0,0.0,2.0,0.0,2.0,' negativ
250,1.0,0.0,0.0,2.0,2.0,2.0,' negativ
251,1.0,0.0,0.0,2.0,2.0,2.0,' negativ
252,1.0,0.0,0.0,2.0,0.0,2.0,' negativ
253,1.0,0.0,0.0,2.0,0.0,2.0,' negativ
254,1.0,0.0,0.0,2.0,0.0,2.0,' negativ
255,1.0,0.0,0.0,0.0,0.0,0.0,' negativ
256,1.0,0.0,0.0,0.0,0.0,0.0,' negativ
257,1.0,0.0,0.0,0.0,0.0,0.0,' negativ
258,1.0,0.0,0.0,0.0,0.0,0.0,' negativ
259,1.0,0.0,0.0,0.0,0.0,0.0,' negativ
260,1.0,0.0,0.0,0.0,0.0,0.0,' negativ
261,1.0,0.0,0.0,0.0,0.0,0.0,' negativ
262,1.0,0.0,0.0,0.0,0.0,0.0,' negativ
263,1.0,0.0,0.0,0.0,0.0,1.0,' negativ
264,1.0,0.0,0.0,0.0,0.0,0.0,' negativ
265,1.0,0.0,0.0,0.0,0.0,1.0,' negativ
266,1.0,0.0,0.0,0.0,0.0,0.0,' negativ
267,1.0,0.0,0.0,1.0,0.0,0.0,' negativ
268,1.0,0.0,0.0,1.0,0.0,1.0,' negativ
269,1.0,0.0,0.0,1.0,0.0,1.0,' negativ
270,1.0,0.0,0.0,1.0,0.0,0.0,' negativ
271,1.0,0.0,0.0,1.0,0.0,1.0,' negativ
272,1.0,0.0,0.0,1.0,0.0,0.0,' negativ
273,1.0,0.0,0.0,1.0,0.0,1.0,' negativ
274,1.0,0.0,0.0,1.0,0.0,1.0,' negativ
275,1.0,0.0,0.0,1.0,0.0,1.0,' negativ
276,1.0,0.0,0.0,1.0,0.0,1.0,' negativ
277,1.0,0.0,0.0,1.0,0.0,2.0,' negativ
278,1.0,0.0,0.0,1.0,0.0,1.0,' negativ
279,1.0,0.0,0.0,1.0,0.0,1.0,' negativ
280,1.0,0.0,0.0,1.0,0.0,2.0,' negativ
281,1.0,0.0,0.0,2.0,0.0,1.0,' negativ
282,1.0,0.0,0.0,2.0,0.0,2.0,' negativ
283,1.0,0.0,0.0,2.0,0.0,2.0,' negativ
284,1.0,0.0,0.0,2.0,0.0,1.0,' negativ
285,1.0,0.0,0.0,2.0,0.0,2.0,' negativ
286,1.0,0.0,0.0,2.0,0.0,2.0,' negativ
287,1.0,0.0,0.0,2.0,0.0,2.0,' negativ
288,1.0,0.0,0.0,2.0,0.0,2.0,' negativ
289,1.0,0.0,0.0,2.0,0.0,2.0,' negativ
290,1.0,0.0,0.0,2.0,0.0,2.0,' negativ
291,1.0,0.0,0.0,2.0,0.0,2.0,' negativ
292,1.0,0.0,0.0,2.0,0.0,2.0,' negativ
293,1.0,0.0,0.0,2.0,0.0,2.0,' negativ
294,1.0,0.0,0.0,2.0,0.0,2.0,' negativ
295,1.0,0.0,0.0,2.0,0.0,2.0,' negativ
296,1.0,0.0,0.0,2.0,0.0,2.0,' negativ
297,1.0,0.0,0.0,0.0,0.0,0.0,' negativ
298,1.0,0.0,0.0,0.0,0.0,0.0,' negativ
299,1.0,0.0,0.0,0.0,0.0,0.0,' negativ
300,1.0,0.0,0.0,0.0,1.0,0.0,' negativ
301,1.0,0.0,0.0,0.0,1.0,0.0,' negativ
302,1.0,0.0,0.0,0.0,0.0,0.0,' negativ
303,1.0,0.0,0.0,0.0,0.0,0.0,' negativ
304,1.0,0.0,0.0,0.0,0.0,0.0,' negativ
305,1.0,0.0,0.0,0.0,1.0,0.0,' negativ
306,1.0,0.0,0.0,0.0,1.0,0.0,' negativ
307,1.0,0.0,0.0,0.0,0.0,0.0,' negativ
308,1.0,0.0,0.0,0.0,0.0,0.0,' negativ
309,1.0,0.0,0.0,0.0,0.0,1.0,' negativ
310,1.0,0.0,0.0,0.0,0.0,0.0,' negativ
311,1.0,0.0,0.0,0.0,0.0,1.0,' negativ
312,1.0,0.0,0.0,0.0,1.0,0.0,' negativ
313,1.0,0.0,0.0,0.0,1.0,0.0,' negativ
314,1.0,0.0,0.0,0.0,1.0,1.0,' negativ
315,1.0,0.0,0.0,1.0,0.0,0.0,' negativ
316,1.0,0.0,0.0,1.0,0.0,1.0,' negativ
317,1.0,0.0,0.0,1.0,0.0,1.0,' negativ
318,1.0,0.0,0.0,1.0,0.0,1.0,' negativ
319,1.0,0.0,0.0,1.0,1.0,0.0,' negativ
320,1.0,0.0,0.0,1.0,1.0,1.0,' negativ
321,1.0,0.0,0.0,1.0,1.0,1.0,' negativ
322,1.0,0.0,0.0,1.0,0.0,1.0,' negativ
323,1.0,0.0,0.0,1.0,0.0,1.0,' negativ
324,1.0,0.0,0.0,1.0,0.0,2.0,' negativ
325,1.0,0.0,0.0,1.0,0.0,2.0,' negativ
326,1.0,0.0,0.0,1.0,1.0,1.0,' negativ
327,1.0,0.0,0.0,1.0,1.0,1.0,' negativ
328,1.0,0.0,0.0,1.0,1.0,2.0,' negativ
329,1.0,0.0,0.0,2.0,0.0,1.0,' negativ
330,1.0,0.0,0.0,2.0,0.0,2.0,' negativ
331,1.0,0.0,0.0,2.0,0.0,1.0,' negativ
332,1.0,0.0,0.0,2.0,0.0,2.0,' negativ
333,1.0,0.0,0.0,2.0,1.0,1.0,' negativ
334,1.0,0.0,0.0,2.0,1.0,2.0,' negativ
335,1.0,0.0,0.0,2.0,0.0,2.0,' negativ
336,1.0,0.0,0.0,2.0,0.0,2.0,' negativ
337,1.0,0.0,0.0,2.0,0.0,2.0,' negativ
338,1.0,0.0,0.0,2.0,0.0,2.0,' negativ
339,1.0,0.0,0.0,2.0,0.0,2.0,' negativ
340,1.0,0.0,0.0,2.0,1.0,2.0,' negativ
341,1.0,0.0,0.0,2.0,1.0,2.0,' negativ
342,1.0,0.0,0.0,2.0,0.0,2.0,' negativ
343,1.0,0.0,0.0,2.0,0.0,2.0,' negativ
344,1.0,0.0,0.0,2.0,1.0,2.0,' negativ
345,1.0,0.0,1.0,0.0,0.0,0.0,' negativ
346,1.0,0.0,1.0,0.0,0.0,0.0,' negativ
347,1.0,0.0,1.0,0.0,1.0,0.0,' negativ
348,1.0,0.0,1.0,0.0,1.0,0.0,' negativ
349,1.0,0.0,1.0,0.0,1.0,0.0,' negativ
350,1.0,0.0,1.0,0.0,0.0,0.0,' negativ
351,1.0,0.0,1.0,0.0,0.0,0.0,' negativ
352,1.0,0.0,1.0,0.0,1.0,0.0,' negativ
353,1.0,0.0,1.0,0.0,1.0,0.0,' negativ
354,1.0,0.0,1.0,0.0,0.0,0.0,' negativ
355,1.0,0.0,1.0,0.0,0.0,0.0,' negativ
356,1.0,0.0,1.0,0.0,0.0,1.0,' negativ
357,1.0,0.0,1.0,0.0,1.0,1.0,' negativ
358,1.0,0.0,1.0,0.0,1.0,0.0,' negativ
359,1.0,0.0,1.0,0.0,1.0,0.0,' negativ
360,1.0,0.0,1.0,1.0,0.0,1.0,' negativ
361,1.0,0.0,1.0,1.0,0.0,1.0,' negativ
362,1.0,0.0,1.0,1.0,1.0,0.0,' negativ
363,1.0,0.0,1.0,1.0,1.0,1.0,' negativ
364,1.0,0.0,1.0,1.0,0.0,1.0,' negativ
365,1.0,0.0,1.0,1.0,0.0,1.0,' negativ
366,1.0,0.0,1.0,1.0,1.0,1.0,' negativ
367,1.0,0.0,1.0,1.0,1.0,2.0,' negativ
368,1.0,0.0,1.0,1.0,1.0,1.0,' negativ
369,1.0,0.0,1.0,1.0,1.0,2.0,' negativ
370,1.0,0.0,1.0,2.0,0.0,1.0,' negativ
371,1.0,0.0,1.0,2.0,0.0,2.0,' negativ
372,1.0,0.0,1.0,2.0,0.0,2.0,' negativ
373,1.0,0.0,1.0,2.0,1.0,1.0,' negativ
374,1.0,0.0,1.0,2.0,1.0,2.0,' negativ
375,1.0,0.0,1.0,2.0,1.0,1.0,' negativ
376,1.0,0.0,1.0,2.0,1.0,2.0,' negativ
377,1.0,0.0,1.0,2.0,1.0,2.0,' negativ
378,1.0,0.0,1.0,2.0,0.0,2.0,' negativ
379,1.0,0.0,1.0,2.0,0.0,2.0,' negativ
380,1.0,0.0,1.0,2.0,1.0,2.0,' negativ
381,1.0,0.0,1.0,2.0,1.0,2.0,' negativ
382,1.0,0.0,1.0,2.0,1.0,2.0,' negativ
383,1.0,0.0,1.0,2.0,1.0,2.0,' negativ
384,1.0,0.0,1.0,2.0,1.0,2.0,' negativ
385,1.0,0.0,1.0,2.0,0.0,2.0,' negativ
386,1.0,0.0,1.0,2.0,0.0,2.0,' negativ
387,1.0,0.0,1.0,2.0,1.0,2.0,' negativ
388,1.0,0.0,1.0,2.0,1.0,2.0,' negativ
389,1.0,0.0,1.0,2.0,1.0,2.0,' negativ
390,1.0,0.0,1.0,0.0,1.0,0.0,' negativ
391,1.0,0.0,1.0,0.0,1.0,0.0,' negativ
392,1.0,0.0,1.0,0.0,2.0,0.0,' negativ
393,1.0,0.0,1.0,0.0,2.0,0.0,' negativ
394,1.0,0.0,1.0,0.0,1.0,0.0,' negativ
395,1.0,0.0,1.0,0.0,1.0,0.0,' negativ
396,1.0,0.0,1.0,0.0,1.0,0.0,' negativ
397,1.0,0.0,1.0,0.0,1.0,0.0,' negativ
398,1.0,0.0,1.0,0.0,2.0,0.0,' negativ
399,1.0,0.0,1.0,0.0,2.0,0.0,' negativ
400,1.0,0.0,1.0,0.0,2.0,0.0,' negativ
401,1.0,0.0,1.0,0.0,1.0,0.0,' negativ
402,1.0,0.0,1.0,0.0,1.0,0.0,' negativ
403,1.0,0.0,1.0,0.0,1.0,1.0,' negativ
404,1.0,0.0,1.0,0.0,1.0,0.0,' negativ
405,1.0,0.0,1.0,0.0,2.0,0.0,' negativ
406,1.0,0.0,1.0,0.0,2.0,1.0,' negativ
407,1.0,0.0,1.0,1.0,1.0,0.0,' negativ
408,1.0,0.0,1.0,1.0,1.0,1.0,' negativ
409,1.0,0.0,1.0,1.0,1.0,1.0,' negativ
410,1.0,0.0,1.0,1.0,1.0,0.0,' negativ
411,1.0,0.0,1.0,1.0,1.0,1.0,' negativ
412,1.0,0.0,1.0,1.0,2.0,0.0,' negativ
413,1.0,0.0,1.0,1.0,2.0,1.0,' negativ
414,1.0,0.0,1.0,1.0,1.0,1.0,' negativ
415,1.0,0.0,1.0,1.0,1.0,1.0,' negativ
416,1.0,0.0,1.0,1.0,1.0,2.0,' negativ
417,1.0,0.0,1.0,1.0,2.0,1.0,' negativ
418,1.0,0.0,1.0,1.0,2.0,2.0,' negativ
419,1.0,0.0,1.0,2.0,1.0,2.0,' negativ
420,1.0,0.0,1.0,2.0,1.0,2.0,' negativ
421,1.0,0.0,1.0,2.0,1.0,1.0,' negativ
422,1.0,0.0,1.0,2.0,1.0,2.0,' negativ
423,1.0,0.0,1.0,2.0,2.0,1.0,' negativ
424,1.0,0.0,1.0,2.0,2.0,2.0,' negativ
425,1.0,0.0,1.0,2.0,2.0,2.0,' negativ
426,1.0,0.0,1.0,2.0,1.0,2.0,' negativ
427,1.0,0.0,1.0,2.0,1.0,2.0,' negativ
428,1.0,0.0,1.0,2.0,1.0,2.0,' negativ
429,1.0,0.0,1.0,2.0,2.0,2.0,' negativ
430,1.0,0.0,1.0,2.0,1.0,2.0,' negativ
431,1.0,0.0,1.0,2.0,1.0,2.0,' negativ
432,1.0,0.0,1.0,2.0,1.0,2.0,' negativ
433,1.0,0.0,1.0,2.0,2.0,2.0,' negativ
434,1.0,0.0,1.0,2.0,2.0,2.0,' negativ
435,1.0,0.0,2.0,0.0,1.0,0.0,' negativ
436,1.0,0.0,2.0,0.0,2.0,0.0,' negativ
437,1.0,0.0,2.0,0.0,1.0,0.0,' negativ
438,1.0,0.0,2.0,0.0,1.0,0.0,' negativ
439,1.0,0.0,2.0,0.0,1.0,0.0,' negativ
440,1.0,0.0,2.0,0.0,2.0,0.0,' negativ
441,1.0,0.0,2.0,0.0,2.0,0.0,' negativ
442,1.0,0.0,2.0,0.0,1.0,0.0,' negativ
443,1.0,0.0,2.0,0.0,1.0,1.0,' negativ
444,1.0,0.0,2.0,0.0,2.0,0.0,' negativ
445,1.0,0.0,2.0,0.0,2.0,1.0,' negativ
446,1.0,0.0,2.0,1.0,1.0,0.0,' negativ
447,1.0,0.0,2.0,1.0,1.0,1.0,' negativ
448,1.0,0.0,2.0,1.0,2.0,1.0,' negativ
449,1.0,0.0,2.0,1.0,1.0,1.0,' negativ
450,1.0,0.0,2.0,1.0,1.0,1.0,' negativ
451,1.0,0.0,2.0,1.0,1.0,2.0,' negativ
452,1.0,0.0,2.0,1.0,2.0,1.0,' negativ
453,1.0,0.0,2.0,2.0,1.0,1.0,' negativ
454,1.0,0.0,2.0,2.0,1.0,2.0,' negativ
455,1.0,0.0,2.0,2.0,2.0,1.0,' negativ
456,1.0,0.0,2.0,2.0,2.0,2.0,' negativ
457,1.0,0.0,2.0,2.0,1.0,2.0,' negativ
458,1.0,0.0,2.0,2.0,1.0,2.0,' negativ
459,1.0,0.0,2.0,2.0,1.0,2.0,' negativ
460,1.0,0.0,2.0,2.0,2.0,2.0,' negativ
461,1.0,0.0,2.0,2.0,1.0,2.0,' negativ
462,1.0,0.0,2.0,2.0,1.0,2.0,' negativ
463,1.0,0.0,2.0,2.0,2.0,2.0,' negativ
464,1.0,1.0,0.0,1.0,0.0,0.0,' negativ
465,1.0,1.0,0.0,0.0,0.0,0.0,' negativ
466,1.0,1.0,0.0,0.0,0.0,0.0,' negativ
467,1.0,1.0,0.0,0.0,0.0,0.0,' negativ
468,1.0,1.0,0.0,0.0,0.0,0.0,' negativ
469,1.0,1.0,0.0,0.0,0.0,0.0,' negativ
470,1.0,1.0,0.0,0.0,0.0,0.0,' negativ
471,1.0,1.0,0.0,0.0,0.0,0.0,' negativ
472,1.0,1.0,0.0,0.0,0.0,0.0,' negativ
473,1.0,1.0,0.0,0.0,0.0,0.0,' negativ
474,1.0,1.0,0.0,0.0,0.0,0.0,' negativ
475,1.0,1.0,0.0,0.0,0.0,1.0,' negativ
476,1.0,1.0,0.0,1.0,0.0,0.0,' negativ
477,1.0,1.0,0.0,1.0,0.0,0.0,' negativ
478,1.0,1.0,0.0,1.0,0.0,1.0,' negativ
479,1.0,1.0,0.0,1.0,0.0,1.0,' negativ
480,1.0,1.0,0.0,1.0,0.0,1.0,' negativ
481,1.0,1.0,0.0,0.0,0.0,0.0,' negativ
482,1.0,1.0,0.0,0.0,0.0,0.0,' negativ
483,1.0,1.0,0.0,0.0,1.0,0.0,' negativ
484,1.0,1.0,0.0,0.0,1.0,0.0,' negativ
485,1.0,1.0,0.0,0.0,0.0,0.0,' negativ
486,1.0,1.0,0.0,0.0,0.0,0.0,' negativ
487,1.0,1.0,0.0,0.0,0.0,0.0,' negativ
488,1.0,1.0,0.0,0.0,0.0,0.0,' negativ
489,1.0,1.0,0.0,0.0,0.0,0.0,' negativ
490,1.0,1.0,0.0,0.0,1.0,0.0,' negativ
491,1.0,1.0,0.0,0.0,0.0,0.0,' negativ
492,1.0,1.0,0.0,0.0,0.0,0.0,' negativ
493,1.0,1.0,0.0,0.0,0.0,1.0,' negativ
494,1.0,1.0,0.0,0.0,0.0,1.0,' negativ
495,1.0,1.0,0.0,0.0,1.0,0.0,' negativ
496,1.0,1.0,0.0,0.0,1.0,1.0,' negativ
497,1.0,1.0,0.0,1.0,0.0,0.0,' negativ
498,1.0,1.0,0.0,1.0,0.0,0.0,' negativ
499,1.0,1.0,0.0,1.0,1.0,0.0,' negativ
500,1.0,1.0,0.0,1.0,1.0,1.0,' negativ
501,1.0,1.0,0.0,1.0,1.0,1.0,' negativ
502,1.0,1.0,0.0,1.0,0.0,1.0,' negativ
503,1.0,1.0,0.0,1.0,0.0,1.0,' negativ
504,1.0,1.0,0.0,1.0,1.0,1.0,' negativ
505,1.0,1.0,0.0,1.0,1.0,1.0,' negativ
506,1.0,1.0,0.0,1.0,1.0,2.0,' negativ
507,1.0,1.0,0.0,2.0,1.0,1.0,' negativ
508,1.0,1.0,1.0,0.0,0.0,0.0,' negativ
509,1.0,1.0,1.0,0.0,0.0,0.0,' negativ
510,1.0,1.0,1.0,0.0,1.0,0.0,' negativ
511,1.0,1.0,1.0,0.0,1.0,0.0,' negativ
512,1.0,1.0,1.0,0.0,0.0,0.0,' negativ
513,1.0,1.0,1.0,0.0,0.0,0.0,' negativ
514,1.0,1.0,1.0,0.0,0.0,0.0,' negativ
515,1.0,1.0,1.0,0.0,1.0,0.0,' negativ
516,1.0,1.0,1.0,0.0,1.0,0.0,' negativ
517,1.0,1.0,1.0,0.0,1.0,0.0,' negativ
518,1.0,1.0,1.0,0.0,1.0,0.0,' negativ
519,1.0,1.0,1.0,0.0,0.0,0.0,' negativ
520,1.0,1.0,1.0,0.0,0.0,1.0,' negativ
521,1.0,1.0,1.0,0.0,1.0,0.0,' negativ
522,1.0,1.0,1.0,0.0,1.0,1.0,' negativ
523,1.0,1.0,1.0,0.0,1.0,0.0,' negativ
524,1.0,1.0,1.0,0.0,1.0,0.0,' negativ
525,1.0,1.0,1.0,0.0,1.0,1.0,' negativ
526,1.0,1.0,1.0,1.0,0.0,0.0,' negativ
527,1.0,1.0,1.0,1.0,0.0,1.0,' negativ
528,1.0,1.0,1.0,1.0,0.0,1.0,' negativ
529,1.0,1.0,1.0,1.0,1.0,0.0,' negativ
530,1.0,1.0,1.0,1.0,1.0,0.0,' negativ
531,1.0,1.0,1.0,1.0,1.0,1.0,' negativ
532,1.0,1.0,1.0,1.0,1.0,1.0,' negativ
533,1.0,1.0,1.0,1.0,0.0,1.0,' negativ
534,1.0,1.0,1.0,1.0,1.0,1.0,' negativ
535,1.0,1.0,1.0,1.0,1.0,2.0,' negativ
536,1.0,1.0,1.0,1.0,1.0,1.0,' negativ
537,1.0,1.0,1.0,2.0,0.0,1.0,' negativ
538,1.0,1.0,1.0,2.0,1.0,1.0,' negativ
539,1.0,1.0,1.0,2.0,1.0,1.0,' negativ
540,1.0,1.0,1.0,2.0,1.0,2.0,' negativ
541,1.0,1.0,1.0,2.0,1.0,2.0,' negativ
542,1.0,1.0,1.0,2.0,1.0,2.0,' negativ
543,1.0,1.0,1.0,0.0,1.0,0.0,' negativ
544,1.0,1.0,1.0,0.0,2.0,0.0,' negativ
545,1.0,1.0,1.0,0.0,1.0,0.0,' negativ
546,1.0,1.0,1.0,0.0,1.0,0.0,' negativ
547,1.0,1.0,1.0,0.0,1.0,0.0,' negativ
548,1.0,1.0,1.0,0.0,2.0,0.0,' negativ
549,1.0,1.0,1.0,0.0,2.0,0.0,' negativ
550,1.0,1.0,1.0,0.0,2.0,0.0,' negativ
551,1.0,1.0,1.0,0.0,1.0,0.0,' negativ
552,1.0,1.0,1.0,0.0,1.0,0.0,' negativ
553,1.0,1.0,1.0,0.0,1.0,1.0,' negativ
554,1.0,1.0,1.0,0.0,2.0,0.0,' negativ
555,1.0,1.0,1.0,1.0,1.0,0.0,' negativ
556,1.0,1.0,1.0,1.0,1.0,1.0,' negativ
557,1.0,1.0,1.0,1.0,1.0,1.0,' negativ
558,1.0,1.0,1.0,1.0,1.0,0.0,' negativ
559,1.0,1.0,1.0,1.0,1.0,1.0,' negativ
560,1.0,1.0,1.0,1.0,2.0,0.0,' negativ
561,1.0,1.0,1.0,1.0,2.0,1.0,' negativ
562,1.0,1.0,1.0,1.0,2.0,1.0,' negativ
563,1.0,1.0,1.0,1.0,1.0,1.0,' negativ
564,1.0,1.0,1.0,1.0,1.0,1.0,' negativ
565,1.0,1.0,1.0,1.0,1.0,2.0,' negativ
566,1.0,1.0,1.0,1.0,2.0,1.0,' negativ
567,1.0,1.0,1.0,2.0,1.0,2.0,' negativ
568,1.0,1.0,1.0,2.0,1.0,2.0,' negativ
569,1.0,1.0,1.0,2.0,2.0,2.0,' negativ
570,1.0,1.0,1.0,2.0,2.0,2.0,' negativ
571,1.0,1.0,1.0,2.0,1.0,2.0,' negativ
572,1.0,1.0,1.0,2.0,1.0,2.0,' negativ
573,1.0,1.0,1.0,2.0,2.0,2.0,' negativ
574,1.0,1.0,1.0,2.0,2.0,2.0,' negativ
575,1.0,1.0,1.0,2.0,2.0,2.0,' negativ
576,1.0,1.0,2.0,0.0,1.0,0.0,' negativ
577,1.0,1.0,2.0,0.0,1.0,0.0,' negativ
578,1.0,1.0,2.0,0.0,2.0,0.0,' negativ
579,1.0,1.0,2.0,0.0,1.0,0.0,' negativ
580,1.0,1.0,2.0,0.0,1.0,0.0,' negativ
581,1.0,1.0,2.0,0.0,2.0,0.0,' negativ
582,1.0,1.0,2.0,0.0,1.0,0.0,' negativ
583,1.0,1.0,2.0,0.0,2.0,0.0,' negativ
584,1.0,1.0,2.0,0.0,2.0,1.0,' negativ
585,1.0,1.0,2.0,1.0,1.0,0.0,' negativ
586,1.0,1.0,2.0,1.0,1.0,1.0,' negativ
587,1.0,1.0,2.0,1.0,2.0,0.0,' negativ
588,1.0,1.0,2.0,1.0,2.0,1.0,' negativ
589,1.0,1.0,2.0,1.0,1.0,1.0,' negativ
590,1.0,1.0,2.0,1.0,1.0,2.0,' negativ
591,1.0,1.0,2.0,1.0,2.0,1.0,' negativ
592,1.0,1.0,2.0,1.0,2.0,2.0,' negativ
593,1.0,1.0,2.0,2.0,1.0,2.0,' negativ
594,1.0,1.0,2.0,2.0,1.0,2.0,' negativ
595,1.0,1.0,2.0,2.0,2.0,1.0,' negativ
596,1.0,1.0,2.0,2.0,2.0,2.0,' negativ
597,1.0,1.0,2.0,2.0,1.0,2.0,' negativ
598,1.0,1.0,2.0,2.0,1.0,2.0,' negativ
599,1.0,1.0,2.0,2.0,2.0,2.0,' negativ
600,1.0,1.0,2.0,2.0,1.0,2.0,' negativ
601,1.0,1.0,2.0,2.0,2.0,2.0,' negativ
602,2.0,0.0,2.0,0.0,2.0,0.0,' negativ
603,2.0,0.0,2.0,0.0,2.0,0.0,' negativ
604,2.0,0.0,2.0,0.0,2.0,0.0,' negativ
605,2.0,0.0,2.0,0.0,2.0,0.0,' negativ
606,2.0,0.0,2.0,0.0,2.0,1.0,' negativ
607,2.0,0.0,2.0,0.0,2.0,0.0,' negativ
608,2.0,0.0,2.0,0.0,2.0,1.0,' negativ
609,2.0,0.0,2.0,1.0,2.0,0.0,' negativ
610,2.0,0.0,2.0,1.0,2.0,1.0,' negativ
611,2.0,0.0,2.0,1.0,2.0,0.0,' negativ
612,2.0,0.0,2.0,1.0,2.0,1.0,' negativ
613,2.0,0.0,2.0,1.0,2.0,1.0,' negativ
614,2.0,0.0,2.0,1.0,2.0,2.0,' negativ
615,2.0,0.0,2.0,1.0,2.0,1.0,' negativ
616,2.0,0.0,2.0,1.0,2.0,2.0,' negativ
617,2.0,0.0,2.0,2.0,2.0,1.0,' negativ
618,2.0,0.0,2.0,2.0,2.0,2.0,' negativ
619,2.0,0.0,2.0,2.0,2.0,1.0,' negativ
620,2.0,0.0,2.0,2.0,2.0,2.0,' negativ
621,2.0,0.0,2.0,2.0,2.0,2.0,' negativ
622,2.0,0.0,2.0,2.0,2.0,2.0,' negativ
623,2.0,0.0,2.0,2.0,2.0,2.0,' negativ
624,2.0,0.0,2.0,2.0,2.0,2.0,' negativ
625,2.0,0.0,2.0,2.0,2.0,2.0,' negativ
626,2.0,0.0,2.0,2.0,2.0,2.0,' negativ
627,2.0,0.0,2.0,0.0,2.0,0.0,' negativ
628,2.0,0.0,2.0,0.0,2.0,0.0,' negativ
629,2.0,0.0,2.0,0.0,2.0,0.0,' negativ
630,2.0,0.0,2.0,0.0,2.0,1.0,' negativ
631,2.0,0.0,2.0,0.0,2.0,1.0,' negativ
632,2.0,0.0,2.0,0.0,0.0,1.0,' negativ
633,2.0,0.0,2.0,1.0,2.0,0.0,' negativ
634,2.0,0.0,2.0,1.0,2.0,1.0,' negativ
635,2.0,0.0,2.0,1.0,2.0,1.0,' negativ
636,2.0,0.0,2.0,1.0,2.0,0.0,' negativ
637,2.0,0.0,2.0,1.0,0.0,0.0,' negativ
638,2.0,0.0,2.0,1.0,0.0,1.0,' negativ
639,2.0,0.0,2.0,1.0,2.0,1.0,' negativ
640,2.0,0.0,2.0,1.0,2.0,1.0,' negativ
641,2.0,0.0,2.0,1.0,2.0,2.0,' negativ
642,2.0,0.0,2.0,1.0,2.0,1.0,' negativ
643,2.0,0.0,2.0,1.0,2.0,2.0,' negativ
644,2.0,0.0,2.0,1.0,0.0,1.0,' negativ
645,2.0,0.0,2.0,1.0,0.0,1.0,' negativ
646,2.0,0.0,2.0,1.0,0.0,2.0,' negativ
647,2.0,0.0,2.0,2.0,2.0,1.0,' negativ
648,2.0,0.0,2.0,2.0,2.0,2.0,' negativ
649,2.0,0.0,2.0,2.0,2.0,2.0,' negativ
650,2.0,0.0,2.0,2.0,2.0,1.0,' negativ
651,2.0,0.0,2.0,2.0,2.0,2.0,' negativ
652,2.0,0.0,2.0,2.0,0.0,1.0,' negativ
653,2.0,0.0,2.0,2.0,0.0,2.0,' negativ
654,2.0,0.0,2.0,2.0,0.0,2.0,' negativ
655,2.0,0.0,2.0,2.0,2.0,2.0,' negativ
656,2.0,0.0,2.0,2.0,2.0,2.0,' negativ
657,2.0,0.0,2.0,2.0,2.0,2.0,' negativ
658,2.0,0.0,2.0,2.0,2.0,2.0,' negativ
659,2.0,0.0,2.0,2.0,2.0,2.0,' negativ
660,2.0,0.0,2.0,2.0,0.0,2.0,' negativ
661,2.0,0.0,2.0,2.0,0.0,2.0,' negativ
662,2.0,0.0,2.0,2.0,2.0,2.0,' negativ
663,2.0,0.0,2.0,2.0,2.0,2.0,' negativ
664,2.0,0.0,2.0,2.0,2.0,2.0,' negativ
665,2.0,0.0,2.0,2.0,0.0,2.0,' negativ
666,2.0,0.0,2.0,2.0,0.0,2.0,' negativ
667,2.0,0.0,0.0,0.0,2.0,0.0,' negativ
668,2.0,0.0,0.0,0.0,2.0,0.0,' negativ
669,2.0,0.0,0.0,0.0,2.0,1.0,' negativ
670,2.0,0.0,0.0,0.0,0.0,1.0,' negativ
671,2.0,0.0,0.0,0.0,0.0,0.0,' negativ
672,2.0,0.0,0.0,0.0,0.0,1.0,' negativ
673,2.0,0.0,0.0,1.0,2.0,0.0,' negativ
674,2.0,0.0,0.0,1.0,2.0,1.0,' negativ
675,2.0,0.0,0.0,1.0,2.0,1.0,' negativ
676,2.0,0.0,0.0,1.0,0.0,0.0,' negativ
677,2.0,0.0,0.0,1.0,0.0,1.0,' negativ
678,2.0,0.0,0.0,1.0,0.0,0.0,' negativ
679,2.0,0.0,0.0,1.0,0.0,1.0,' negativ
680,2.0,0.0,0.0,1.0,0.0,1.0,' negativ
681,2.0,0.0,0.0,1.0,2.0,1.0,' negativ
682,2.0,0.0,0.0,1.0,2.0,1.0,' negativ
683,2.0,0.0,0.0,1.0,0.0,1.0,' negativ
684,2.0,0.0,0.0,1.0,0.0,2.0,' negativ
685,2.0,0.0,0.0,1.0,0.0,1.0,' negativ
686,2.0,0.0,0.0,1.0,0.0,1.0,' negativ
687,2.0,0.0,0.0,2.0,2.0,2.0,' negativ
688,2.0,0.0,0.0,2.0,2.0,2.0,' negativ
689,2.0,0.0,0.0,2.0,0.0,1.0,' negativ
690,2.0,0.0,0.0,2.0,0.0,2.0,' negativ
691,2.0,0.0,0.0,2.0,0.0,1.0,' negativ
692,2.0,0.0,0.0,2.0,0.0,2.0,' negativ
693,2.0,0.0,0.0,2.0,2.0,2.0,' negativ
694,2.0,0.0,0.0,2.0,2.0,2.0,' negativ
695,2.0,0.0,0.0,2.0,2.0,2.0,' negativ
696,2.0,0.0,0.0,2.0,0.0,2.0,' negativ
697,2.0,0.0,0.0,2.0,0.0,2.0,' negativ
698,2.0,0.0,0.0,2.0,0.0,2.0,' negativ
699,2.0,0.0,0.0,2.0,2.0,2.0,' negativ
700,2.0,0.0,0.0,2.0,2.0,2.0,' negativ
701,2.0,0.0,0.0,2.0,0.0,2.0,' negativ
702,2.0,0.0,0.0,2.0,0.0,2.0,' negativ
703,2.0,0.0,0.0,0.0,2.0,0.0,' negativ
704,2.0,0.0,0.0,0.0,0.0,0.0,' negativ
705,2.0,0.0,0.0,0.0,0.0,1.0,' negativ
706,2.0,0.0,0.0,0.0,0.0,1.0,' negativ
707,2.0,0.0,0.0,0.0,0.0,0.0,' negativ
708,2.0,0.0,0.0,0.0,0.0,0.0,' negativ
709,2.0,0.0,0.0,0.0,0.0,1.0,' negativ
710,2.0,0.0,0.0,1.0,0.0,0.0,' negativ
711,2.0,0.0,0.0,1.0,0.0,1.0,' negativ
712,2.0,0.0,0.0,1.0,0.0,0.0,' negativ
713,2.0,0.0,0.0,1.0,0.0,1.0,' negativ
714,2.0,0.0,0.0,1.0,0.0,0.0,' negativ
715,2.0,0.0,0.0,1.0,0.0,1.0,' negativ
716,2.0,0.0,0.0,1.0,0.0,1.0,' negativ
717,2.0,0.0,0.0,1.0,0.0,2.0,' negativ
718,2.0,0.0,0.0,1.0,0.0,1.0,' negativ
719,2.0,0.0,0.0,1.0,0.0,1.0,' negativ
720,2.0,0.0,0.0,2.0,0.0,1.0,' negativ
721,2.0,0.0,0.0,2.0,0.0,2.0,' negativ
722,2.0,0.0,0.0,2.0,0.0,2.0,' negativ
723,2.0,0.0,0.0,2.0,0.0,1.0,' negativ
724,2.0,0.0,0.0,2.0,0.0,2.0,' negativ
725,2.0,0.0,0.0,2.0,0.0,2.0,' negativ
726,2.0,0.0,0.0,2.0,0.0,2.0,' negativ
727,2.0,0.0,0.0,2.0,0.0,2.0,' negativ
728,2.0,0.0,0.0,2.0,0.0,2.0,' negativ
729,2.0,0.0,0.0,2.0,0.0,2.0,' negativ
730,2.0,0.0,0.0,2.0,0.0,2.0,' negativ
731,2.0,0.0,0.0,2.0,0.0,2.0,' negativ
732,2.0,0.0,0.0,2.0,0.0,2.0,' negativ
733,2.0,0.0,0.0,2.0,0.0,2.0,' negativ
734,2.0,0.0,0.0,2.0,0.0,2.0,' negativ
735,2.0,0.0,0.0,2.0,0.0,2.0,' negativ
736,2.0,0.0,0.0,2.0,0.0,2.0,' negativ
737,2.0,0.0,0.0,2.0,0.0,2.0,' negativ
738,2.0,0.0,0.0,2.0,0.0,2.0,' negativ
739,2.0,0.0,0.0,2.0,0.0,2.0,' negativ
740,2.0,0.0,0.0,0.0,0.0,0.0,' negativ
741,2.0,0.0,0.0,0.0,1.0,0.0,' negativ
742,2.0,0.0,0.0,0.0,1.0,0.0,' negativ
743,2.0,0.0,0.0,0.0,2.0,0.0,' negativ
744,2.0,0.0,0.0,0.0,0.0,0.0,' negativ
745,2.0,0.0,0.0,0.0,0.0,0.0,' negativ
746,2.0,0.0,0.0,0.0,0.0,0.0,' negativ
747,2.0,0.0,0.0,0.0,1.0,0.0,' negativ
748,2.0,0.0,0.0,0.0,0.0,0.0,' negativ
749,2.0,0.0,0.0,0.0,0.0,1.0,' negativ
750,2.0,0.0,0.0,0.0,0.0,0.0,' negativ
751,2.0,0.0,0.0,0.0,1.0,0.0,' negativ
752,2.0,0.0,0.0,0.0,1.0,1.0,' negativ
753,2.0,0.0,0.0,1.0,0.0,0.0,' negativ
754,2.0,0.0,0.0,1.0,0.0,1.0,' negativ
755,2.0,0.0,0.0,1.0,0.0,1.0,' negativ
756,2.0,0.0,0.0,1.0,0.0,0.0,' negativ
757,2.0,0.0,0.0,1.0,0.0,1.0,' negativ
758,2.0,0.0,0.0,1.0,1.0,0.0,' negativ
759,2.0,0.0,0.0,1.0,1.0,1.0,' negativ
760,2.0,0.0,0.0,1.0,1.0,1.0,' negativ
761,2.0,0.0,0.0,1.0,0.0,1.0,' negativ
762,2.0,0.0,0.0,1.0,0.0,2.0,' negativ
763,2.0,0.0,0.0,1.0,0.0,1.0,' negativ
764,2.0,0.0,0.0,1.0,0.0,2.0,' negativ
765,2.0,0.0,0.0,1.0,1.0,1.0,' negativ
766,2.0,0.0,0.0,1.0,1.0,1.0,' negativ
767,2.0,0.0,0.0,2.0,0.0,2.0,' negativ
768,2.0,0.0,0.0,2.0,0.0,1.0,' negativ
769,2.0,0.0,0.0,2.0,0.0,2.0,' negativ
770,2.0,0.0,0.0,2.0,1.0,1.0,' negativ
771,2.0,0.0,0.0,2.0,1.0,2.0,' negativ
772,2.0,0.0,0.0,2.0,1.0,2.0,' negativ
773,2.0,0.0,0.0,2.0,0.0,2.0,' negativ
774,2.0,0.0,0.0,2.0,0.0,2.0,' negativ
775,2.0,0.0,0.0,2.0,0.0,2.0,' negativ
776,2.0,0.0,0.0,2.0,0.0,2.0,' negativ
777,2.0,0.0,0.0,2.0,1.0,2.0,' negativ
778,2.0,0.0,0.0,2.0,1.0,2.0,' negativ
779,2.0,0.0,0.0,2.0,0.0,2.0,' negativ
780,2.0,0.0,0.0,2.0,0.0,2.0,' negativ
781,2.0,0.0,0.0,2.0,0.0,2.0,' negativ
782,2.0,0.0,0.0,2.0,1.0,2.0,' negativ
783,2.0,0.0,0.0,2.0,1.0,2.0,' negativ
784,2.0,0.0,1.0,0.0,0.0,0.0,' negativ
785,2.0,0.0,1.0,0.0,1.0,0.0,' negativ
786,2.0,0.0,1.0,0.0,1.0,0.0,' negativ
787,2.0,0.0,1.0,0.0,0.0,0.0,' negativ
788,2.0,0.0,1.0,0.0,0.0,0.0,' negativ
789,2.0,0.0,1.0,0.0,0.0,0.0,' negativ
790,2.0,0.0,1.0,0.0,1.0,0.0,' negativ
791,2.0,0.0,1.0,0.0,1.0,0.0,' negativ
792,2.0,0.0,1.0,0.0,1.0,0.0,' negativ
793,2.0,0.0,1.0,0.0,1.0,0.0,' negativ
794,2.0,0.0,1.0,0.0,0.0,0.0,' negativ
795,2.0,0.0,1.0,0.0,0.0,0.0,' negativ
796,2.0,0.0,1.0,0.0,0.0,1.0,' negativ
797,2.0,0.0,1.0,0.0,1.0,0.0,' negativ
798,2.0,0.0,1.0,0.0,1.0,1.0,' negativ
799,2.0,0.0,1.0,0.0,1.0,0.0,' negativ
800,2.0,0.0,1.0,0.0,1.0,0.0,' negativ
801,2.0,0.0,1.0,0.0,1.0,1.0,' negativ
802,2.0,0.0,1.0,1.0,0.0,0.0,' negativ
803,2.0,0.0,1.0,1.0,0.0,1.0,' negativ
804,2.0,0.0,1.0,1.0,0.0,1.0,' negativ
805,2.0,0.0,1.0,1.0,1.0,0.0,' negativ
806,2.0,0.0,1.0,1.0,1.0,0.0,' negativ
807,2.0,0.0,1.0,1.0,1.0,1.0,' negativ
808,2.0,0.0,1.0,1.0,0.0,1.0,' negativ
809,2.0,0.0,1.0,1.0,0.0,1.0,' negativ
810,2.0,0.0,1.0,1.0,0.0,2.0,' negativ
811,2.0,0.0,1.0,1.0,1.0,1.0,' negativ
812,2.0,0.0,1.0,1.0,1.0,2.0,' negativ
813,2.0,0.0,1.0,1.0,1.0,1.0,' negativ
814,2.0,0.0,1.0,1.0,1.0,2.0,' negativ
815,2.0,0.0,1.0,2.0,0.0,1.0,' negativ
816,2.0,0.0,1.0,2.0,0.0,2.0,' negativ
817,2.0,0.0,1.0,2.0,0.0,2.0,' negativ
818,2.0,0.0,1.0,2.0,1.0,1.0,' negativ
819,2.0,0.0,1.0,2.0,1.0,2.0,' negativ
820,2.0,0.0,1.0,2.0,1.0,1.0,' negativ
821,2.0,0.0,1.0,2.0,1.0,2.0,' negativ
822,2.0,0.0,1.0,2.0,1.0,2.0,' negativ
823,2.0,0.0,1.0,2.0,0.0,2.0,' negativ
824,2.0,0.0,1.0,2.0,1.0,2.0,' negativ
825,2.0,0.0,1.0,2.0,1.0,2.0,' negativ
826,2.0,0.0,1.0,2.0,1.0,2.0,' negativ
827,2.0,0.0,1.0,2.0,0.0,2.0,' negativ
828,2.0,0.0,1.0,2.0,0.0,2.0,' negativ
829,2.0,0.0,1.0,2.0,1.0,2.0,' negativ
830,2.0,0.0,1.0,2.0,1.0,2.0,' negativ
831,2.0,0.0,1.0,0.0,1.0,0.0,' negativ
832,2.0,0.0,1.0,0.0,1.0,0.0,' negativ
833,2.0,0.0,1.0,0.0,1.0,0.0,' negativ
834,2.0,0.0,1.0,0.0,2.0,0.0,' negativ
835,2.0,0.0,1.0,0.0,2.0,0.0,' negativ
836,2.0,0.0,1.0,0.0,2.0,0.0,' negativ
837,2.0,0.0,1.0,0.0,1.0,0.0,' negativ
838,2.0,0.0,1.0,0.0,1.0,0.0,' negativ
839,2.0,0.0,1.0,0.0,1.0,0.0,' negativ
840,2.0,0.0,1.0,0.0,1.0,0.0,' negativ
841,2.0,0.0,1.0,0.0,1.0,0.0,' negativ
842,2.0,0.0,1.0,0.0,2.0,0.0,' negativ
843,2.0,0.0,1.0,0.0,2.0,0.0,' negativ
844,2.0,0.0,1.0,0.0,1.0,0.0,' negativ
845,2.0,0.0,1.0,0.0,1.0,0.0,' negativ
846,2.0,0.0,1.0,0.0,1.0,1.0,' negativ
847,2.0,0.0,1.0,0.0,1.0,0.0,' negativ
848,2.0,0.0,1.0,0.0,1.0,1.0,' negativ
849,2.0,0.0,1.0,0.0,2.0,0.0,' negativ
850,2.0,0.0,1.0,0.0,2.0,0.0,' negativ
851,2.0,0.0,1.0,0.0,2.0,1.0,' negativ
852,2.0,0.0,1.0,1.0,1.0,0.0,' negativ
853,2.0,0.0,1.0,1.0,1.0,1.0,' negativ
854,2.0,0.0,1.0,1.0,1.0,1.0,' negativ
855,2.0,0.0,1.0,1.0,1.0,0.0,' negativ
856,2.0,0.0,1.0,1.0,1.0,1.0,' negativ
857,2.0,0.0,1.0,1.0,2.0,0.0,' negativ
858,2.0,0.0,1.0,1.0,2.0,1.0,' negativ
859,2.0,0.0,1.0,1.0,2.0,1.0,' negativ
860,2.0,0.0,1.0,1.0,1.0,1.0,' negativ
861,2.0,0.0,1.0,1.0,1.0,2.0,' negativ
862,2.0,0.0,1.0,1.0,1.0,1.0,' negativ
863,2.0,0.0,1.0,1.0,2.0,1.0,' negativ
864,2.0,0.0,1.0,1.0,2.0,1.0,' negativ
865,2.0,0.0,1.0,1.0,2.0,2.0,' negativ
866,2.0,0.0,1.0,2.0,1.0,1.0,' negativ
867,2.0,0.0,1.0,2.0,1.0,2.0,' negativ
868,2.0,0.0,1.0,2.0,1.0,2.0,' negativ
869,2.0,0.0,1.0,2.0,1.0,1.0,' negativ
870,2.0,0.0,1.0,2.0,2.0,1.0,' negativ
871,2.0,0.0,1.0,2.0,2.0,2.0,' negativ
872,2.0,0.0,1.0,2.0,2.0,2.0,' negativ
873,2.0,0.0,1.0,2.0,1.0,2.0,' negativ
874,2.0,0.0,1.0,2.0,1.0,2.0,' negativ
875,2.0,0.0,1.0,2.0,1.0,2.0,' negativ
876,2.0,0.0,1.0,2.0,1.0,2.0,' negativ
877,2.0,0.0,1.0,2.0,1.0,2.0,' negativ
878,2.0,0.0,1.0,2.0,2.0,2.0,' negativ
879,2.0,0.0,1.0,2.0,2.0,2.0,' negativ
880,2.0,0.0,1.0,2.0,2.0,2.0,' negativ
881,2.0,0.0,1.0,2.0,1.0,2.0,' negativ
882,2.0,0.0,1.0,2.0,1.0,2.0,' negativ
883,2.0,0.0,1.0,2.0,1.0,2.0,' negativ
884,2.0,0.0,1.0,2.0,2.0,2.0,' negativ
885,2.0,0.0,2.0,0.0,1.0,0.0,' negativ
886,2.0,0.0,2.0,0.0,2.0,0.0,' negativ
887,2.0,0.0,2.0,0.0,1.0,0.0,' negativ
888,2.0,0.0,2.0,0.0,2.0,0.0,' negativ
889,2.0,0.0,2.0,0.0,2.0,0.0,' negativ
890,2.0,0.0,2.0,0.0,1.0,0.0,' negativ
891,2.0,0.0,2.0,0.0,1.0,0.0,' negativ
892,2.0,0.0,2.0,0.0,1.0,1.0,' negativ
893,2.0,0.0,2.0,0.0,2.0,0.0,' negativ
894,2.0,0.0,2.0,0.0,2.0,1.0,' negativ
895,2.0,0.0,2.0,1.0,1.0,0.0,' negativ
896,2.0,0.0,2.0,1.0,1.0,1.0,' negativ
897,2.0,0.0,2.0,1.0,1.0,1.0,' negativ
898,2.0,0.0,2.0,1.0,2.0,0.0,' negativ
899,2.0,0.0,2.0,1.0,2.0,1.0,' negativ
900,2.0,0.0,2.0,1.0,1.0,1.0,' negativ
901,2.0,0.0,2.0,1.0,1.0,1.0,' negativ
902,2.0,0.0,2.0,1.0,2.0,1.0,' negativ
903,2.0,0.0,2.0,1.0,2.0,2.0,' negativ
904,2.0,0.0,2.0,2.0,1.0,2.0,' negativ
905,2.0,0.0,2.0,2.0,1.0,2.0,' negativ
906,2.0,0.0,2.0,2.0,2.0,1.0,' negativ
907,2.0,0.0,2.0,2.0,2.0,2.0,' negativ
908,2.0,0.0,2.0,2.0,1.0,2.0,' negativ
909,2.0,0.0,2.0,2.0,1.0,2.0,' negativ
910,2.0,0.0,2.0,2.0,1.0,2.0,' negativ
911,2.0,0.0,2.0,2.0,2.0,2.0,' negativ
912,2.0,0.0,2.0,2.0,2.0,2.0,' negativ
913,2.0,0.0,2.0,2.0,1.0,2.0,' negativ
914,2.0,0.0,2.0,2.0,1.0,2.0,' negativ
915,2.0,0.0,2.0,2.0,2.0,2.0,' negativ
916,2.0,1.0,2.0,0.0,2.0,0.0,' negativ
917,2.0,1.0,2.0,0.0,2.0,0.0,' negativ
918,2.0,1.0,2.0,0.0,2.0,0.0,' negativ
919,2.0,1.0,2.0,0.0,2.0,0.0,' negativ
920,2.0,1.0,2.0,0.0,2.0,1.0,' negativ
921,2.0,1.0,2.0,0.0,2.0,1.0,' negativ
922,2.0,1.0,2.0,1.0,2.0,0.0,' negativ
923,2.0,1.0,2.0,1.0,2.0,1.0,' negativ
924,2.0,1.0,2.0,1.0,2.0,1.0,' negativ
925,2.0,1.0,2.0,1.0,2.0,1.0,' negativ
926,2.0,1.0,2.0,1.0,2.0,1.0,' negativ
927,2.0,1.0,2.0,1.0,2.0,2.0,' negativ
928,2.0,1.0,2.0,1.0,2.0,1.0,' negativ
929,2.0,1.0,2.0,1.0,2.0,2.0,' negativ
930,2.0,1.0,2.0,2.0,2.0,1.0,' negativ
931,2.0,1.0,2.0,2.0,2.0,2.0,' negativ
932,2.0,1.0,2.0,2.0,2.0,2.0,' negativ
933,2.0,1.0,2.0,2.0,2.0,2.0,' negativ
934,2.0,1.0,2.0,2.0,2.0,2.0,' negativ
935,2.0,1.0,2.0,2.0,2.0,2.0,' negativ
936,2.0,1.0,2.0,2.0,2.0,2.0,' negativ
937,2.0,1.0,2.0,2.0,2.0,2.0,' negativ
938,2.0,1.0,2.0,2.0,2.0,2.0,' negativ
939,2.0,1.0,2.0,2.0,2.0,2.0,' negativ
940,2.0,1.0,2.0,2.0,2.0,2.0,' negativ
941,2.0,1.0,2.0,0.0,2.0,0.0,' negativ
942,2.0,1.0,2.0,1.0,2.0,1.0,' negativ
943,2.0,1.0,2.0,1.0,2.0,1.0,' negativ
944,2.0,1.0,2.0,1.0,2.0,1.0,' negativ
945,2.0,1.0,2.0,1.0,0.0,1.0,' negativ
946,2.0,1.0,2.0,1.0,0.0,1.0,' negativ
947,2.0,1.0,2.0,1.0,2.0,1.0,' negativ
948,2.0,1.0,2.0,1.0,2.0,1.0,' negativ
949,2.0,1.0,2.0,1.0,2.0,2.0,' negativ
950,2.0,1.0,2.0,1.0,2.0,1.0,' negativ
951,2.0,1.0,2.0,1.0,2.0,2.0,' negativ
952,2.0,1.0,2.0,1.0,0.0,1.0,' negativ
953,2.0,1.0,2.0,1.0,0.0,1.0,' negativ
954,2.0,1.0,2.0,2.0,2.0,1.0,' negativ
955,2.0,1.0,2.0,2.0,2.0,2.0,' negativ
956,2.0,1.0,2.0,2.0,2.0,2.0,' negativ
957,2.0,1.0,2.0,2.0,2.0,2.0,' negativ
958,2.0,1.0,2.0,2.0,0.0,1.0,' negativ
959,2.0,1.0,2.0,2.0,0.0,2.0,' negativ
960,2.0,1.0,2.0,2.0,0.0,2.0,' negativ
961,2.0,1.0,2.0,2.0,2.0,2.0,' negativ
962,2.0,1.0,2.0,2.0,2.0,2.0,' negativ
963,2.0,1.0,2.0,2.0,2.0,2.0,' negativ
964,2.0,1.0,2.0,2.0,2.0,2.0,' negativ
965,2.0,1.0,2.0,2.0,2.0,2.0,' negativ
966,2.0,1.0,2.0,2.0,0.0,2.0,' negativ
967,2.0,1.0,2.0,2.0,0.0,2.0,' negativ
968,2.0,1.0,2.0,2.0,0.0,2.0,' negativ
969,2.0,1.0,2.0,2.0,2.0,2.0,' negativ
970,2.0,1.0,2.0,2.0,2.0,2.0,' negativ
971,2.0,1.0,2.0,2.0,0.0,2.0,' negativ
972,2.0,1.0,2.0,2.0,0.0,2.0,' negativ
973,2.0,1.0,0.0,1.0,2.0,1.0,' negativ
974,2.0,1.0,0.0,1.0,0.0,1.0,' negativ
975,2.0,1.0,0.0,1.0,0.0,1.0,' negativ
976,2.0,1.0,0.0,1.0,2.0,1.0,' negativ
977,2.0,1.0,0.0,1.0,2.0,1.0,' negativ
978,2.0,1.0,0.0,1.0,2.0,2.0,' negativ
979,2.0,1.0,0.0,1.0,0.0,1.0,' negativ
980,2.0,1.0,0.0,1.0,0.0,1.0,' negativ
981,2.0,1.0,0.0,1.0,0.0,2.0,' negativ
982,2.0,1.0,0.0,2.0,2.0,1.0,' negativ
983,2.0,1.0,0.0,2.0,2.0,2.0,' negativ
984,2.0,1.0,0.0,2.0,2.0,2.0,' negativ
985,2.0,1.0,0.0,2.0,0.0,1.0,' negativ
986,2.0,1.0,0.0,2.0,0.0,2.0,' negativ
987,2.0,1.0,0.0,2.0,0.0,1.0,' negativ
988,2.0,1.0,0.0,2.0,0.0,2.0,' negativ
989,2.0,1.0,0.0,2.0,0.0,2.0,' negativ
990,2.0,1.0,0.0,2.0,2.0,2.0,' negativ
991,2.0,1.0,0.0,2.0,2.0,2.0,' negativ
992,2.0,1.0,0.0,2.0,2.0,2.0,' negativ
993,2.0,1.0,0.0,2.0,0.0,2.0,' negativ
994,2.0,1.0,0.0,2.0,0.0,2.0,' negativ
995,2.0,1.0,0.0,2.0,0.0,2.0,' negativ
996,2.0,1.0,0.0,2.0,0.0,2.0,' negativ
997,2.0,1.0,0.0,2.0,0.0,2.0,' negativ
998,2.0,1.0,0.0,2.0,2.0,2.0,' negativ
999,2.0,1.0,0.0,2.0,2.0,2.0,' negativ
1000,2.0,1.0,0.0,2.0,0.0,2.0,' negativ
1001,2.0,1.0,0.0,1.0,0.0,1.0,' negativ
1002,2.0,1.0,0.0,1.0,0.0,1.0,' negativ
1003,2.0,1.0,0.0,1.0,0.0,1.0,' negativ
1004,2.0,1.0,0.0,1.0,0.0,1.0,' negativ
1005,2.0,1.0,0.0,1.0,0.0,1.0,' negativ
1006,2.0,1.0,0.0,1.0,0.0,1.0,' negativ
1007,2.0,1.0,0.0,1.0,0.0,1.0,' negativ
1008,2.0,1.0,0.0,1.0,0.0,2.0,' negativ
1009,2.0,1.0,0.0,1.0,0.0,1.0,' negativ
1010,2.0,1.0,0.0,1.0,0.0,1.0,' negativ
1011,2.0,1.0,0.0,1.0,0.0,2.0,' negativ
1012,2.0,1.0,0.0,2.0,0.0,1.0,' negativ
1013,2.0,1.0,0.0,2.0,0.0,2.0,' negativ
1014,2.0,1.0,0.0,2.0,0.0,1.0,' negativ
1015,2.0,1.0,0.0,2.0,0.0,2.0,' negativ
1016,2.0,1.0,0.0,2.0,0.0,1.0,' negativ
1017,2.0,1.0,0.0,2.0,0.0,2.0,' negativ
1018,2.0,1.0,0.0,2.0,0.0,2.0,' negativ
1019,2.0,1.0,0.0,2.0,0.0,2.0,' negativ
1020,2.0,1.0,0.0,2.0,0.0,2.0,' negativ
1021,2.0,1.0,0.0,2.0,0.0,2.0,' negativ
1022,2.0,1.0,0.0,2.0,0.0,2.0,' negativ
1023,2.0,1.0,0.0,2.0,0.0,2.0,' negativ
1024,2.0,1.0,0.0,2.0,0.0,2.0,' negativ
1025,2.0,1.0,0.0,2.0,0.0,2.0,' negativ
1026,2.0,1.0,0.0,2.0,0.0,2.0,' negativ
1027,2.0,1.0,0.0,2.0,0.0,2.0,' negativ
1028,2.0,1.0,0.0,2.0,0.0,2.0,' negativ
1029,2.0,1.0,0.0,0.0,0.0,0.0,' negativ
1030,2.0,1.0,0.0,0.0,1.0,0.0,' negativ
1031,2.0,1.0,0.0,0.0,0.0,1.0,' negativ
1032,2.0,1.0,0.0,0.0,0.0,1.0,' negativ
1033,2.0,1.0,0.0,0.0,1.0,0.0,' negativ
1034,2.0,1.0,0.0,0.0,1.0,0.0,' negativ
1035,2.0,1.0,0.0,0.0,1.0,1.0,' negativ
1036,2.0,1.0,0.0,1.0,0.0,1.0,' negativ
1037,2.0,1.0,0.0,1.0,0.0,1.0,' negativ
1038,2.0,1.0,0.0,1.0,0.0,0.0,' negativ
1039,2.0,1.0,0.0,1.0,0.0,1.0,' negativ
1040,2.0,1.0,0.0,1.0,1.0,0.0,' negativ
1041,2.0,1.0,0.0,1.0,1.0,1.0,' negativ
1042,2.0,1.0,0.0,1.0,0.0,1.0,' negativ
1043,2.0,1.0,0.0,1.0,0.0,1.0,' negativ
1044,2.0,1.0,0.0,1.0,0.0,2.0,' negativ
1045,2.0,1.0,0.0,1.0,0.0,1.0,' negativ
1046,2.0,1.0,0.0,1.0,0.0,2.0,' negativ
1047,2.0,1.0,0.0,1.0,1.0,1.0,' negativ
1048,2.0,1.0,0.0,1.0,1.0,1.0,' negativ
1049,2.0,1.0,0.0,2.0,0.0,1.0,' negativ
1050,2.0,1.0,0.0,2.0,0.0,2.0,' negativ
1051,2.0,1.0,0.0,2.0,0.0,2.0,' negativ
1052,2.0,1.0,0.0,2.0,0.0,1.0,' negativ
1053,2.0,1.0,0.0,2.0,0.0,2.0,' negativ
1054,2.0,1.0,0.0,2.0,1.0,1.0,' negativ
1055,2.0,1.0,0.0,2.0,1.0,2.0,' negativ
1056,2.0,1.0,0.0,2.0,0.0,2.0,' negativ
1057,2.0,1.0,0.0,2.0,0.0,2.0,' negativ
1058,2.0,1.0,0.0,2.0,0.0,2.0,' negativ
1059,2.0,1.0,0.0,2.0,0.0,2.0,' negativ
1060,2.0,1.0,0.0,2.0,0.0,2.0,' negativ
1061,2.0,1.0,0.0,2.0,1.0,2.0,' negativ
1062,2.0,1.0,0.0,2.0,1.0,2.0,' negativ
1063,2.0,1.0,0.0,2.0,1.0,2.0,' negativ
1064,2.0,1.0,0.0,2.0,0.0,2.0,' negativ
1065,2.0,1.0,0.0,2.0,0.0,2.0,' negativ
1066,2.0,1.0,0.0,2.0,0.0,2.0,' negativ
1067,2.0,1.0,0.0,2.0,1.0,2.0,' negativ
1068,2.0,1.0,0.0,2.0,1.0,2.0,' negativ
1069,2.0,1.0,1.0,0.0,0.0,0.0,' negativ
1070,2.0,1.0,1.0,0.0,0.0,0.0,' negativ
1071,2.0,1.0,1.0,0.0,1.0,0.0,' negativ
1072,2.0,1.0,1.0,0.0,1.0,0.0,' negativ
1073,2.0,1.0,1.0,0.0,1.0,0.0,' negativ
1074,2.0,1.0,1.0,0.0,0.0,0.0,' negativ
1075,2.0,1.0,1.0,0.0,0.0,0.0,' negativ
1076,2.0,1.0,1.0,0.0,0.0,0.0,' negativ
1077,2.0,1.0,1.0,0.0,1.0,0.0,' negativ
1078,2.0,1.0,1.0,0.0,1.0,0.0,' negativ
1079,2.0,1.0,1.0,0.0,1.0,0.0,' negativ
1080,2.0,1.0,1.0,0.0,0.0,0.0,' negativ
1081,2.0,1.0,1.0,0.0,0.0,0.0,' negativ
1082,2.0,1.0,1.0,0.0,1.0,0.0,' negativ
1083,2.0,1.0,1.0,0.0,1.0,1.0,' negativ
1084,2.0,1.0,1.0,0.0,1.0,0.0,' negativ
1085,2.0,1.0,1.0,0.0,1.0,0.0,' negativ
1086,2.0,1.0,1.0,0.0,1.0,1.0,' negativ
1087,2.0,1.0,1.0,1.0,0.0,0.0,' negativ
1088,2.0,1.0,1.0,1.0,0.0,1.0,' negativ
1089,2.0,1.0,1.0,1.0,1.0,0.0,' negativ
1090,2.0,1.0,1.0,1.0,1.0,1.0,' negativ
1091,2.0,1.0,1.0,1.0,1.0,0.0,' negativ
1092,2.0,1.0,1.0,1.0,1.0,1.0,' negativ
1093,2.0,1.0,1.0,1.0,1.0,1.0,' negativ
1094,2.0,1.0,1.0,1.0,0.0,1.0,' negativ
1095,2.0,1.0,1.0,1.0,0.0,1.0,' negativ
1096,2.0,1.0,1.0,1.0,0.0,2.0,' negativ
1097,2.0,1.0,1.0,1.0,1.0,1.0,' negativ
1098,2.0,1.0,1.0,1.0,1.0,2.0,' negativ
1099,2.0,1.0,1.0,1.0,1.0,1.0,' negativ
1100,2.0,1.0,1.0,1.0,1.0,1.0,' negativ
1101,2.0,1.0,1.0,1.0,1.0,2.0,' negativ
1102,2.0,1.0,1.0,2.0,0.0,2.0,' negativ
1103,2.0,1.0,1.0,2.0,1.0,2.0,' negativ
1104,2.0,1.0,1.0,2.0,1.0,1.0,' negativ
1105,2.0,1.0,1.0,2.0,1.0,2.0,' negativ
1106,2.0,1.0,1.0,2.0,0.0,2.0,' negativ
1107,2.0,1.0,1.0,2.0,0.0,2.0,' negativ
1108,2.0,1.0,1.0,2.0,1.0,2.0,' negativ
1109,2.0,1.0,1.0,2.0,1.0,2.0,' negativ
1110,2.0,1.0,1.0,2.0,1.0,2.0,' negativ
1111,2.0,1.0,1.0,2.0,1.0,2.0,' negativ
1112,2.0,1.0,1.0,2.0,1.0,2.0,' negativ
1113,2.0,1.0,1.0,2.0,0.0,2.0,' negativ
1114,2.0,1.0,1.0,2.0,0.0,2.0,' negativ
1115,2.0,1.0,1.0,2.0,1.0,2.0,' negativ
1116,2.0,1.0,1.0,2.0,1.0,2.0,' negativ
1117,2.0,1.0,1.0,2.0,1.0,2.0,' negativ
1118,2.0,1.0,1.0,0.0,1.0,0.0,' negativ
1119,2.0,1.0,1.0,0.0,2.0,0.0,' negativ
1120,2.0,1.0,1.0,0.0,2.0,0.0,' negativ
1121,2.0,1.0,1.0,0.0,1.0,0.0,' negativ
1122,2.0,1.0,1.0,0.0,1.0,0.0,' negativ
1123,2.0,1.0,1.0,0.0,2.0,0.0,' negativ
1124,2.0,1.0,1.0,0.0,2.0,0.0,' negativ
1125,2.0,1.0,1.0,0.0,1.0,0.0,' negativ
1126,2.0,1.0,1.0,0.0,1.0,0.0,' negativ
1127,2.0,1.0,1.0,0.0,1.0,0.0,' negativ
1128,2.0,1.0,1.0,0.0,1.0,1.0,' negativ
1129,2.0,1.0,1.0,0.0,2.0,1.0,' negativ
1130,2.0,1.0,1.0,1.0,1.0,0.0,' negativ
1131,2.0,1.0,1.0,1.0,1.0,1.0,' negativ
1132,2.0,1.0,1.0,1.0,1.0,1.0,' negativ
1133,2.0,1.0,1.0,1.0,1.0,0.0,' negativ
1134,2.0,1.0,1.0,1.0,2.0,0.0,' negativ
1135,2.0,1.0,1.0,1.0,2.0,1.0,' negativ
1136,2.0,1.0,1.0,1.0,2.0,1.0,' negativ
1137,2.0,1.0,1.0,1.0,1.0,1.0,' negativ
1138,2.0,1.0,1.0,1.0,1.0,1.0,' negativ
1139,2.0,1.0,1.0,1.0,1.0,2.0,' negativ
1140,2.0,1.0,1.0,1.0,1.0,1.0,' negativ
1141,2.0,1.0,1.0,1.0,1.0,2.0,' negativ
1142,2.0,1.0,1.0,1.0,2.0,1.0,' negativ
1143,2.0,1.0,1.0,1.0,2.0,1.0,' negativ
1144,2.0,1.0,1.0,1.0,2.0,2.0,' negativ
1145,2.0,1.0,1.0,2.0,1.0,1.0,' negativ
1146,2.0,1.0,1.0,2.0,1.0,2.0,' negativ
1147,2.0,1.0,1.0,2.0,2.0,1.0,' negativ
1148,2.0,1.0,1.0,2.0,1.0,2.0,' negativ
1149,2.0,1.0,1.0,2.0,1.0,2.0,' negativ
1150,2.0,1.0,1.0,2.0,1.0,2.0,' negativ
1151,2.0,1.0,1.0,2.0,1.0,2.0,' negativ
1152,2.0,1.0,1.0,2.0,2.0,2.0,' negativ
1153,2.0,1.0,1.0,2.0,2.0,2.0,' negativ
1154,2.0,1.0,1.0,2.0,2.0,2.0,' negativ
1155,2.0,1.0,1.0,2.0,1.0,2.0,' negativ
1156,2.0,1.0,1.0,2.0,1.0,2.0,' negativ
1157,2.0,1.0,1.0,2.0,2.0,2.0,' negativ
1158,2.0,1.0,1.0,2.0,2.0,2.0,' negativ
1159,2.0,1.0,2.0,0.0,1.0,0.0,' negativ
1160,2.0,1.0,2.0,0.0,1.0,0.0,' negativ
1161,2.0,1.0,2.0,0.0,2.0,0.0,' negativ
1162,2.0,1.0,2.0,0.0,1.0,0.0,' negativ
1163,2.0,1.0,2.0,0.0,1.0,0.0,' negativ
1164,2.0,1.0,2.0,0.0,1.0,0.0,' negativ
1165,2.0,1.0,2.0,0.0,1.0,0.0,' negativ
1166,2.0,1.0,2.0,0.0,1.0,0.0,' negativ
1167,2.0,1.0,2.0,0.0,1.0,1.0,' negativ
1168,2.0,1.0,2.0,0.0,2.0,1.0,' negativ
1169,2.0,1.0,2.0,1.0,1.0,0.0,' negativ
1170,2.0,1.0,2.0,1.0,1.0,1.0,' negativ
1171,2.0,1.0,2.0,1.0,1.0,1.0,' negativ
1172,2.0,1.0,2.0,1.0,2.0,0.0,' negativ
1173,2.0,1.0,2.0,1.0,1.0,1.0,' negativ
1174,2.0,1.0,2.0,1.0,1.0,1.0,' negativ
1175,2.0,1.0,2.0,1.0,1.0,2.0,' negativ
1176,2.0,1.0,2.0,1.0,2.0,1.0,' negativ
1177,2.0,1.0,2.0,1.0,2.0,2.0,' negativ
1178,2.0,1.0,2.0,2.0,1.0,1.0,' negativ
1179,2.0,1.0,2.0,2.0,1.0,2.0,' negativ
1180,2.0,1.0,2.0,2.0,2.0,1.0,' negativ
1181,2.0,1.0,2.0,2.0,2.0,2.0,' negativ
1182,2.0,1.0,2.0,2.0,1.0,2.0,' negativ
1183,2.0,1.0,2.0,2.0,1.0,2.0,' negativ
1184,2.0,1.0,2.0,2.0,1.0,2.0,' negativ
1185,2.0,1.0,2.0,2.0,2.0,2.0,' negativ
1186,2.0,1.0,2.0,2.0,2.0,2.0,' negativ
1187,2.0,1.0,2.0,2.0,1.0,2.0,' negativ
1188,2.0,1.0,2.0,2.0,1.0,2.0,' negativ
1189,2.0,1.0,2.0,2.0,2.0,2.0,' negativ
1190,2.0,2.0,2.0,0.0,2.0,0.0,' negativ
1191,2.0,2.0,2.0,0.0,2.0,0.0,' negativ
1192,2.0,2.0,2.0,0.0,2.0,0.0,' negativ
1193,2.0,2.0,0.0,0.0,0.0,0.0,' negativ
1194,2.0,2.0,0.0,0.0,0.0,0.0,' negativ
1195,2.0,2.0,0.0,0.0,0.0,0.0,' negativ
1196,2.0,2.0,0.0,1.0,0.0,1.0,' negativ
1197,2.0,2.0,0.0,0.0,0.0,0.0,' negativ
1198,2.0,2.0,0.0,0.0,0.0,0.0,' negativ
1199,2.0,2.0,0.0,0.0,1.0,0.0,' negativ
1200,2.0,2.0,0.0,0.0,1.0,0.0,' negativ
1201,2.0,2.0,0.0,0.0,0.0,0.0,' negativ
1202,2.0,2.0,0.0,0.0,0.0,0.0,' negativ
1203,2.0,2.0,0.0,0.0,1.0,0.0,' negativ
1204,2.0,2.0,0.0,0.0,1.0,0.0,' negativ
1205,2.0,2.0,0.0,0.0,1.0,0.0,' negativ
1206,2.0,2.0,0.0,0.0,0.0,0.0,' negativ
1207,2.0,2.0,0.0,0.0,0.0,1.0,' negativ
1208,2.0,2.0,0.0,0.0,1.0,0.0,' negativ
1209,2.0,2.0,0.0,0.0,1.0,1.0,' negativ
1210,2.0,2.0,0.0,1.0,0.0,0.0,' negativ
1211,2.0,2.0,0.0,1.0,0.0,1.0,' negativ
1212,2.0,2.0,0.0,1.0,1.0,1.0,' negativ
1213,2.0,2.0,0.0,1.0,0.0,1.0,' negativ
1214,2.0,2.0,0.0,1.0,1.0,1.0,' negativ
1215,2.0,2.0,0.0,1.0,1.0,1.0,' negativ
1216,2.0,2.0,0.0,1.0,1.0,2.0,' negativ
1217,2.0,2.0,0.0,2.0,1.0,1.0,' negativ
1218,2.0,2.0,1.0,0.0,0.0,0.0,' negativ
1219,2.0,2.0,1.0,0.0,0.0,0.0,' negativ
1220,2.0,2.0,1.0,0.0,1.0,0.0,' negativ
1221,2.0,2.0,1.0,0.0,0.0,0.0,' negativ
1222,2.0,2.0,1.0,0.0,0.0,0.0,' negativ
1223,2.0,2.0,1.0,0.0,0.0,0.0,' negativ
1224,2.0,2.0,1.0,0.0,1.0,0.0,' negativ
1225,2.0,2.0,1.0,0.0,1.0,0.0,' negativ
1226,2.0,2.0,1.0,0.0,1.0,0.0,' negativ
1227,2.0,2.0,1.0,0.0,0.0,0.0,' negativ
1228,2.0,2.0,1.0,0.0,0.0,1.0,' negativ
1229,2.0,2.0,1.0,0.0,1.0,0.0,' negativ
1230,2.0,2.0,1.0,0.0,1.0,0.0,' negativ
1231,2.0,2.0,1.0,1.0,0.0,0.0,' negativ
1232,2.0,2.0,1.0,1.0,0.0,1.0,' negativ
1233,2.0,2.0,1.0,1.0,0.0,1.0,' negativ
1234,2.0,2.0,1.0,1.0,1.0,1.0,' negativ
1235,2.0,2.0,1.0,1.0,1.0,0.0,' negativ
1236,2.0,2.0,1.0,1.0,1.0,1.0,' negativ
1237,2.0,2.0,1.0,1.0,1.0,1.0,' negativ
1238,2.0,2.0,1.0,1.0,0.0,1.0,' negativ
1239,2.0,2.0,1.0,1.0,0.0,1.0,' negativ
1240,2.0,2.0,1.0,1.0,1.0,1.0,' negativ
1241,2.0,2.0,1.0,1.0,1.0,2.0,' negativ
1242,2.0,2.0,1.0,1.0,1.0,1.0,' negativ
1243,2.0,2.0,1.0,1.0,1.0,1.0,' negativ
1244,2.0,2.0,1.0,1.0,1.0,2.0,' negativ
1245,2.0,2.0,1.0,2.0,0.0,1.0,' negativ
1246,2.0,2.0,1.0,2.0,1.0,1.0,' negativ
1247,2.0,2.0,1.0,2.0,1.0,1.0,' negativ
1248,2.0,2.0,1.0,2.0,1.0,2.0,' negativ
1249,2.0,2.0,1.0,2.0,1.0,2.0,' negativ
1250,2.0,2.0,1.0,2.0,1.0,2.0,' negativ
1251,2.0,2.0,1.0,0.0,1.0,0.0,' negativ
1252,2.0,2.0,1.0,0.0,1.0,0.0,' negativ
1253,2.0,2.0,1.0,0.0,2.0,0.0,' negativ
1254,2.0,2.0,1.0,0.0,2.0,0.0,' negativ
1255,2.0,2.0,1.0,0.0,1.0,0.0,' negativ
1256,2.0,2.0,1.0,0.0,1.0,0.0,' negativ
1257,2.0,2.0,1.0,0.0,1.0,0.0,' negativ
1258,2.0,2.0,1.0,0.0,1.0,0.0,' negativ
1259,2.0,2.0,1.0,0.0,2.0,0.0,' negativ
1260,2.0,2.0,1.0,0.0,2.0,0.0,' negativ
1261,2.0,2.0,1.0,0.0,2.0,0.0,' negativ
1262,2.0,2.0,1.0,0.0,1.0,0.0,' negativ
1263,2.0,2.0,1.0,0.0,1.0,0.0,' negativ
1264,2.0,2.0,1.0,0.0,1.0,1.0,' negativ
1265,2.0,2.0,1.0,0.0,1.0,0.0,' negativ
1266,2.0,2.0,1.0,0.0,1.0,1.0,' negativ
1267,2.0,2.0,1.0,0.0,2.0,0.0,' negativ
1268,2.0,2.0,1.0,0.0,2.0,0.0,' negativ
1269,2.0,2.0,1.0,0.0,2.0,1.0,' negativ
1270,2.0,2.0,1.0,1.0,1.0,0.0,' negativ
1271,2.0,2.0,1.0,1.0,1.0,1.0,' negativ
1272,2.0,2.0,1.0,1.0,1.0,1.0,' negativ
1273,2.0,2.0,1.0,1.0,1.0,0.0,' negativ
1274,2.0,2.0,1.0,1.0,2.0,0.0,' negativ
1275,2.0,2.0,1.0,1.0,2.0,1.0,' negativ
1276,2.0,2.0,1.0,1.0,1.0,1.0,' negativ
1277,2.0,2.0,1.0,1.0,1.0,1.0,' negativ
1278,2.0,2.0,1.0,1.0,1.0,2.0,' negativ
1279,2.0,2.0,1.0,1.0,1.0,1.0,' negativ
1280,2.0,2.0,1.0,1.0,1.0,2.0,' negativ
1281,2.0,2.0,1.0,1.0,2.0,1.0,' negativ
1282,2.0,2.0,1.0,2.0,1.0,1.0,' negativ
1283,2.0,2.0,1.0,2.0,1.0,2.0,' negativ
1284,2.0,2.0,1.0,2.0,1.0,1.0,' negativ
1285,2.0,2.0,1.0,2.0,1.0,2.0,' negativ
1286,2.0,2.0,1.0,2.0,2.0,1.0,' negativ
1287,2.0,2.0,1.0,2.0,2.0,2.0,' negativ
1288,2.0,2.0,1.0,2.0,1.0,2.0,' negativ
1289,2.0,2.0,1.0,2.0,1.0,2.0,' negativ
1290,2.0,2.0,1.0,2.0,2.0,2.0,' negativ
1291,2.0,2.0,1.0,2.0,2.0,2.0,' negativ
1292,2.0,2.0,1.0,2.0,2.0,2.0,' negativ
1293,2.0,2.0,2.0,0.0,1.0,0.0,' negativ
1294,2.0,2.0,2.0,0.0,1.0,0.0,' negativ
1295,2.0,2.0,2.0,0.0,2.0,0.0,' negativ
1296,2.0,2.0,2.0,0.0,1.0,0.0,' negativ
1297,2.0,2.0,2.0,0.0,1.0,0.0,' negativ
1298,2.0,2.0,2.0,0.0,1.0,0.0,' negativ
1299,2.0,2.0,2.0,0.0,2.0,0.0,' negativ
1300,2.0,2.0,2.0,0.0,1.0,0.0,' negativ
1301,2.0,2.0,2.0,0.0,1.0,0.0,' negativ
1302,2.0,2.0,2.0,0.0,1.0,1.0,' negativ
1303,2.0,2.0,2.0,0.0,2.0,0.0,' negativ
1304,2.0,2.0,2.0,0.0,2.0,1.0,' negativ
1305,2.0,2.0,2.0,1.0,1.0,0.0,' negativ
1306,2.0,2.0,2.0,1.0,1.0,1.0,' negativ
1307,2.0,2.0,2.0,1.0,2.0,0.0,' negativ
1308,2.0,2.0,2.0,1.0,2.0,1.0,' negativ
1309,2.0,2.0,2.0,1.0,1.0,1.0,' negativ
1310,2.0,2.0,2.0,1.0,1.0,1.0,' negativ
1311,2.0,2.0,2.0,1.0,1.0,2.0,' negativ
1312,2.0,2.0,2.0,1.0,2.0,2.0,' negativ
1313,2.0,2.0,2.0,2.0,1.0,1.0,' negativ
1314,2.0,2.0,2.0,2.0,1.0,2.0,' negativ
1315,2.0,2.0,2.0,2.0,1.0,2.0,' negativ
1316,2.0,2.0,2.0,2.0,2.0,2.0,' negativ
1317,2.0,2.0,2.0,2.0,1.0,2.0,' negativ
1318,2.0,2.0,2.0,2.0,2.0,2.0,' negativ
1319,2.0,2.0,2.0,2.0,2.0,2.0,' negativ
1320,2.0,2.0,2.0,2.0,1.0,2.0,' negativ
1321,2.0,2.0,2.0,2.0,2.0,2.0,' negativ
1322,2.0,0.0,2.0,0.0,2.0,0.0,' negativ
1323,2.0,0.0,2.0,0.0,2.0,0.0,' negativ
1324,2.0,0.0,2.0,0.0,2.0,0.0,' negativ
1325,2.0,0.0,2.0,0.0,2.0,0.0,' negativ
1326,2.0,0.0,2.0,0.0,2.0,0.0,' negativ
1327,2.0,0.0,2.0,0.0,2.0,0.0,' negativ
1328,2.0,0.0,2.0,0.0,2.0,0.0,' negativ
1329,2.0,0.0,2.0,0.0,2.0,0.0,' negativ
1330,2.0,0.0,2.0,0.0,2.0,0.0,' negativ
1331,2.0,0.0,2.0,0.0,2.0,1.0,' negativ
1332,2.0,0.0,2.0,0.0,2.0,0.0,' negativ
1333,2.0,0.0,2.0,0.0,2.0,0.0,' negativ
1334,2.0,0.0,2.0,0.0,2.0,1.0,' negativ
1335,2.0,0.0,2.0,1.0,2.0,0.0,' negativ
1336,2.0,0.0,2.0,1.0,2.0,0.0,' negativ
1337,2.0,0.0,2.0,1.0,2.0,1.0,' negativ
1338,2.0,0.0,2.0,1.0,2.0,1.0,' negativ
1339,2.0,0.0,2.0,1.0,2.0,1.0,' negativ
1340,2.0,0.0,2.0,1.0,2.0,2.0,' negativ
1341,2.0,0.0,2.0,1.0,2.0,1.0,' negativ
1342,2.0,0.0,2.0,1.0,2.0,1.0,' negativ
1343,2.0,0.0,2.0,1.0,2.0,2.0,' negativ
1344,2.0,0.0,2.0,2.0,2.0,2.0,' negativ
1345,2.0,0.0,2.0,2.0,2.0,1.0,' negativ
1346,2.0,0.0,2.0,2.0,2.0,2.0,' negativ
1347,2.0,0.0,2.0,2.0,2.0,2.0,' negativ
1348,2.0,0.0,2.0,2.0,2.0,2.0,' negativ
1349,2.0,0.0,2.0,2.0,2.0,2.0,' negativ
1350,2.0,0.0,2.0,2.0,2.0,2.0,' negativ
1351,2.0,0.0,2.0,2.0,2.0,2.0,' negativ
1352,2.0,0.0,2.0,2.0,2.0,2.0,' negativ
1353,2.0,0.0,2.0,2.0,2.0,2.0,' negativ
1354,2.0,0.0,2.0,2.0,2.0,2.0,' negativ
1355,2.0,0.0,2.0,0.0,2.0,0.0,' negativ
1356,2.0,0.0,2.0,0.0,2.0,0.0,' negativ
1357,2.0,0.0,2.0,0.0,2.0,0.0,' negativ
1358,2.0,0.0,2.0,0.0,2.0,0.0,' negativ
1359,2.0,0.0,2.0,0.0,2.0,0.0,' negativ
1360,2.0,0.0,2.0,0.0,2.0,0.0,' negativ
1361,2.0,0.0,2.0,0.0,0.0,0.0,' negativ
1362,2.0,0.0,2.0,0.0,2.0,0.0,' negativ
1363,2.0,0.0,2.0,0.0,2.0,0.0,' negativ
1364,2.0,0.0,2.0,0.0,2.0,1.0,' negativ
1365,2.0,0.0,2.0,0.0,2.0,0.0,' negativ
1366,2.0,0.0,2.0,0.0,2.0,1.0,' negativ
1367,2.0,0.0,2.0,1.0,2.0,0.0,' negativ
1368,2.0,0.0,2.0,1.0,2.0,1.0,' negativ
1369,2.0,0.0,2.0,1.0,2.0,1.0,' negativ
1370,2.0,0.0,2.0,1.0,2.0,0.0,' negativ
1371,2.0,0.0,2.0,1.0,2.0,1.0,' negativ
1372,2.0,0.0,2.0,1.0,0.0,0.0,' negativ
1373,2.0,0.0,2.0,1.0,0.0,1.0,' negativ
1374,2.0,0.0,2.0,1.0,0.0,1.0,' negativ
1375,2.0,0.0,2.0,1.0,2.0,1.0,' negativ
1376,2.0,0.0,2.0,1.0,2.0,2.0,' negativ
1377,2.0,0.0,2.0,1.0,2.0,2.0,' negativ
1378,2.0,0.0,2.0,1.0,0.0,1.0,' negativ
1379,2.0,0.0,2.0,1.0,0.0,1.0,' negativ
1380,2.0,0.0,2.0,2.0,2.0,2.0,' negativ
1381,2.0,0.0,2.0,2.0,2.0,1.0,' negativ
1382,2.0,0.0,2.0,2.0,2.0,2.0,' negativ
1383,2.0,0.0,2.0,2.0,0.0,1.0,' negativ
1384,2.0,0.0,2.0,2.0,0.0,2.0,' negativ
1385,2.0,0.0,2.0,2.0,0.0,2.0,' negativ
1386,2.0,0.0,2.0,2.0,2.0,2.0,' negativ
1387,2.0,0.0,2.0,2.0,2.0,2.0,' negativ
1388,2.0,0.0,2.0,2.0,2.0,2.0,' negativ
1389,2.0,0.0,2.0,2.0,2.0,2.0,' negativ
1390,2.0,0.0,2.0,2.0,0.0,2.0,' negativ
1391,2.0,0.0,2.0,2.0,0.0,2.0,' negativ
1392,2.0,0.0,2.0,2.0,0.0,2.0,' negativ
1393,2.0,0.0,2.0,2.0,2.0,2.0,' negativ
1394,2.0,0.0,2.0,2.0,0.0,2.0,' negativ
1395,2.0,0.0,2.0,2.0,0.0,2.0,' negativ
1396,2.0,0.0,0.0,0.0,2.0,0.0,' negativ
1397,2.0,0.0,0.0,0.0,2.0,0.0,' negativ
1398,2.0,0.0,0.0,0.0,2.0,1.0,' negativ
1399,2.0,0.0,0.0,0.0,0.0,1.0,' negativ
1400,2.0,0.0,0.0,0.0,0.0,0.0,' negativ
1401,2.0,0.0,0.0,0.0,0.0,1.0,' negativ
1402,2.0,0.0,0.0,1.0,2.0,0.0,' negativ
1403,2.0,0.0,0.0,1.0,2.0,1.0,' negativ
1404,2.0,0.0,0.0,1.0,0.0,0.0,' negativ
1405,2.0,0.0,0.0,1.0,0.0,1.0,' negativ
1406,2.0,0.0,0.0,1.0,0.0,0.0,' negativ
1407,2.0,0.0,0.0,1.0,0.0,1.0,' negativ
1408,2.0,0.0,0.0,1.0,0.0,1.0,' negativ
1409,2.0,0.0,0.0,1.0,2.0,1.0,' negativ
1410,2.0,0.0,0.0,1.0,2.0,1.0,' negativ
1411,2.0,0.0,0.0,1.0,2.0,2.0,' negativ
1412,2.0,0.0,0.0,1.0,0.0,1.0,' negativ
1413,2.0,0.0,0.0,1.0,0.0,2.0,' negativ
1414,2.0,0.0,0.0,1.0,0.0,1.0,' negativ
1415,2.0,0.0,0.0,1.0,0.0,1.0,' negativ
1416,2.0,0.0,0.0,2.0,2.0,1.0,' negativ
1417,2.0,0.0,0.0,2.0,2.0,2.0,' negativ
1418,2.0,0.0,0.0,2.0,0.0,1.0,' negativ
1419,2.0,0.0,0.0,2.0,0.0,1.0,' negativ
1420,2.0,0.0,0.0,2.0,0.0,2.0,' negativ
1421,2.0,0.0,0.0,2.0,0.0,2.0,' negativ
1422,2.0,0.0,0.0,2.0,2.0,2.0,' negativ
1423,2.0,0.0,0.0,2.0,2.0,2.0,' negativ
1424,2.0,0.0,0.0,2.0,2.0,2.0,' negativ
1425,2.0,0.0,0.0,2.0,0.0,2.0,' negativ
1426,2.0,0.0,0.0,2.0,0.0,2.0,' negativ
1427,2.0,0.0,0.0,2.0,2.0,2.0,' negativ
1428,2.0,0.0,0.0,2.0,0.0,2.0,' negativ
1429,2.0,0.0,0.0,2.0,0.0,2.0,' negativ
1430,2.0,0.0,0.0,2.0,0.0,2.0,' negativ
1431,2.0,0.0,0.0,0.0,0.0,0.0,' negativ
1432,2.0,0.0,0.0,0.0,0.0,1.0,' negativ
1433,2.0,0.0,0.0,0.0,0.0,1.0,' negativ
1434,2.0,0.0,0.0,0.0,0.0,0.0,' negativ
1435,2.0,0.0,0.0,0.0,0.0,1.0,' negativ
1436,2.0,0.0,0.0,1.0,0.0,0.0,' negativ
1437,2.0,0.0,0.0,1.0,0.0,1.0,' negativ
1438,2.0,0.0,0.0,1.0,0.0,1.0,' negativ
1439,2.0,0.0,0.0,1.0,0.0,0.0,' negativ
1440,2.0,0.0,0.0,1.0,0.0,0.0,' negativ
1441,2.0,0.0,0.0,1.0,0.0,1.0,' negativ
1442,2.0,0.0,0.0,1.0,0.0,1.0,' negativ
1443,2.0,0.0,0.0,1.0,0.0,2.0,' negativ
1444,2.0,0.0,0.0,1.0,0.0,2.0,' negativ
1445,2.0,0.0,0.0,1.0,0.0,1.0,' negativ
1446,2.0,0.0,0.0,1.0,0.0,1.0,' negativ
1447,2.0,0.0,0.0,1.0,0.0,2.0,' negativ
1448,2.0,0.0,0.0,2.0,0.0,1.0,' negativ
1449,2.0,0.0,0.0,2.0,0.0,2.0,' negativ
1450,2.0,0.0,0.0,2.0,0.0,2.0,' negativ
1451,2.0,0.0,0.0,2.0,0.0,1.0,' negativ
1452,2.0,0.0,0.0,2.0,0.0,2.0,' negativ
1453,2.0,0.0,0.0,2.0,0.0,1.0,' negativ
1454,2.0,0.0,0.0,2.0,0.0,2.0,' negativ
1455,2.0,0.0,0.0,2.0,0.0,2.0,' negativ
1456,2.0,0.0,0.0,2.0,0.0,2.0,' negativ
1457,2.0,0.0,0.0,2.0,0.0,2.0,' negativ
1458,2.0,0.0,0.0,2.0,0.0,2.0,' negativ
1459,2.0,0.0,0.0,2.0,0.0,2.0,' negativ
1460,2.0,0.0,0.0,2.0,0.0,2.0,' negativ
1461,2.0,0.0,0.0,2.0,0.0,2.0,' negativ
1462,2.0,0.0,0.0,2.0,0.0,2.0,' negativ
1463,2.0,0.0,0.0,2.0,0.0,2.0,' negativ
1464,2.0,0.0,0.0,2.0,0.0,2.0,' negativ
1465,2.0,0.0,0.0,2.0,0.0,2.0,' negativ
1466,2.0,0.0,0.0,2.0,0.0,2.0,' negativ
1467,2.0,0.0,0.0,2.0,0.0,2.0,' negativ
1468,2.0,0.0,0.0,2.0,0.0,2.0,' negativ
1469,2.0,0.0,0.0,0.0,0.0,0.0,' negativ
1470,2.0,0.0,0.0,0.0,0.0,1.0,' negativ
1471,2.0,0.0,0.0,0.0,1.0,0.0,' negativ
1472,2.0,0.0,0.0,0.0,1.0,0.0,' negativ
1473,2.0,0.0,0.0,0.0,1.0,1.0,' negativ
1474,2.0,0.0,0.0,1.0,0.0,0.0,' negativ
1475,2.0,0.0,0.0,1.0,0.0,1.0,' negativ
1476,2.0,0.0,0.0,1.0,0.0,0.0,' negativ
1477,2.0,0.0,0.0,1.0,0.0,1.0,' negativ
1478,2.0,0.0,0.0,1.0,1.0,0.0,' negativ
1479,2.0,0.0,0.0,1.0,1.0,1.0,' negativ
1480,2.0,0.0,0.0,1.0,1.0,1.0,' negativ
1481,2.0,0.0,0.0,1.0,0.0,1.0,' negativ
1482,2.0,0.0,0.0,1.0,0.0,1.0,' negativ
1483,2.0,0.0,0.0,1.0,0.0,2.0,' negativ
1484,2.0,0.0,0.0,1.0,0.0,1.0,' negativ
1485,2.0,0.0,0.0,1.0,0.0,2.0,' negativ
1486,2.0,0.0,0.0,1.0,1.0,1.0,' negativ
1487,2.0,0.0,0.0,1.0,1.0,1.0,' negativ
1488,2.0,0.0,0.0,1.0,1.0,2.0,' negativ
1489,2.0,0.0,0.0,2.0,0.0,1.0,' negativ
1490,2.0,0.0,0.0,2.0,0.0,2.0,' negativ
1491,2.0,0.0,0.0,2.0,0.0,2.0,' negativ
1492,2.0,0.0,0.0,2.0,0.0,2.0,' negativ
1493,2.0,0.0,0.0,2.0,1.0,1.0,' negativ
1494,2.0,0.0,0.0,2.0,1.0,2.0,' negativ
1495,2.0,0.0,0.0,2.0,0.0,2.0,' negativ
1496,2.0,0.0,0.0,2.0,0.0,2.0,' negativ
1497,2.0,0.0,0.0,2.0,0.0,2.0,' negativ
1498,2.0,0.0,0.0,2.0,0.0,2.0,' negativ
1499,2.0,0.0,0.0,2.0,0.0,2.0,' negativ
1500,2.0,0.0,0.0,2.0,1.0,2.0,' negativ
1501,2.0,0.0,0.0,2.0,1.0,2.0,' negativ
1502,2.0,0.0,0.0,2.0,1.0,2.0,' negativ
1503,2.0,0.0,0.0,2.0,0.0,2.0,' negativ
1504,2.0,0.0,0.0,2.0,1.0,2.0,' negativ
1505,2.0,0.0,1.0,0.0,1.0,0.0,' negativ
1506,2.0,0.0,1.0,0.0,1.0,0.0,' negativ
1507,2.0,0.0,1.0,0.0,1.0,0.0,' negativ
1508,2.0,0.0,1.0,0.0,0.0,0.0,' negativ
1509,2.0,0.0,1.0,0.0,1.0,0.0,' negativ
1510,2.0,0.0,1.0,0.0,1.0,0.0,' negativ
1511,2.0,0.0,1.0,0.0,1.0,0.0,' negativ
1512,2.0,0.0,1.0,0.0,0.0,0.0,' negativ
1513,2.0,0.0,1.0,0.0,1.0,0.0,' negativ
1514,2.0,0.0,1.0,0.0,1.0,1.0,' negativ
1515,2.0,0.0,1.0,0.0,1.0,0.0,' negativ
1516,2.0,0.0,1.0,0.0,1.0,0.0,' negativ
1517,2.0,0.0,1.0,1.0,0.0,1.0,' negativ
1518,2.0,0.0,1.0,1.0,1.0,1.0,' negativ
1519,2.0,0.0,1.0,1.0,1.0,0.0,' negativ
1520,2.0,0.0,1.0,1.0,1.0,1.0,' negativ
1521,2.0,0.0,1.0,1.0,1.0,1.0,' negativ
1522,2.0,0.0,1.0,1.0,0.0,1.0,' negativ
1523,2.0,0.0,1.0,1.0,0.0,2.0,' negativ
1524,2.0,0.0,1.0,1.0,1.0,1.0,' negativ
1525,2.0,0.0,1.0,1.0,1.0,2.0,' negativ
1526,2.0,0.0,1.0,1.0,1.0,1.0,' negativ
1527,2.0,0.0,1.0,1.0,1.0,2.0,' negativ
1528,2.0,0.0,1.0,2.0,0.0,1.0,' negativ
1529,2.0,0.0,1.0,2.0,0.0,2.0,' negativ
1530,2.0,0.0,1.0,2.0,1.0,1.0,' negativ
1531,2.0,0.0,1.0,2.0,1.0,2.0,' negativ
1532,2.0,0.0,1.0,2.0,1.0,1.0,' negativ
1533,2.0,0.0,1.0,2.0,1.0,2.0,' negativ
1534,2.0,0.0,1.0,2.0,1.0,2.0,' negativ
1535,2.0,0.0,1.0,2.0,0.0,2.0,' negativ
1536,2.0,0.0,1.0,2.0,0.0,2.0,' negativ
1537,2.0,0.0,1.0,2.0,1.0,2.0,' negativ
1538,2.0,0.0,1.0,2.0,1.0,2.0,' negativ
1539,2.0,0.0,1.0,2.0,0.0,2.0,' negativ
1540,2.0,0.0,1.0,2.0,0.0,2.0,' negativ
1541,2.0,0.0,1.0,2.0,1.0,2.0,' negativ
1542,2.0,0.0,1.0,2.0,1.0,2.0,' negativ
1543,2.0,0.0,1.0,2.0,1.0,2.0,' negativ
1544,2.0,0.0,1.0,0.0,1.0,0.0,' negativ
1545,2.0,0.0,1.0,0.0,1.0,0.0,' negativ
1546,2.0,0.0,1.0,0.0,1.0,0.0,' negativ
1547,2.0,0.0,1.0,0.0,2.0,0.0,' negativ
1548,2.0,0.0,1.0,0.0,1.0,0.0,' negativ
1549,2.0,0.0,1.0,0.0,1.0,0.0,' negativ
1550,2.0,0.0,1.0,0.0,1.0,0.0,' negativ
1551,2.0,0.0,1.0,0.0,1.0,0.0,' negativ
1552,2.0,0.0,1.0,0.0,1.0,0.0,' negativ
1553,2.0,0.0,1.0,0.0,2.0,0.0,' negativ
1554,2.0,0.0,1.0,0.0,2.0,0.0,' negativ
1555,2.0,0.0,1.0,0.0,2.0,0.0,' negativ
1556,2.0,0.0,1.0,0.0,1.0,0.0,' negativ
1557,2.0,0.0,1.0,0.0,1.0,0.0,' negativ
1558,2.0,0.0,1.0,0.0,1.0,1.0,' negativ
1559,2.0,0.0,1.0,0.0,1.0,0.0,' negativ
1560,2.0,0.0,1.0,0.0,1.0,1.0,' negativ
1561,2.0,0.0,1.0,0.0,2.0,0.0,' negativ
1562,2.0,0.0,1.0,0.0,2.0,0.0,' negativ
1563,2.0,0.0,1.0,1.0,1.0,0.0,' negativ
1564,2.0,0.0,1.0,1.0,1.0,1.0,' negativ
1565,2.0,0.0,1.0,1.0,1.0,1.0,' negativ
1566,2.0,0.0,1.0,1.0,2.0,0.0,' negativ
1567,2.0,0.0,1.0,1.0,2.0,1.0,' negativ
1568,2.0,0.0,1.0,1.0,1.0,1.0,' negativ
1569,2.0,0.0,1.0,1.0,1.0,1.0,' negativ
1570,2.0,0.0,1.0,1.0,1.0,2.0,' negativ
1571,2.0,0.0,1.0,1.0,1.0,1.0,' negativ
1572,2.0,0.0,1.0,1.0,1.0,2.0,' negativ
1573,2.0,0.0,1.0,1.0,2.0,1.0,' negativ
1574,2.0,0.0,1.0,1.0,2.0,2.0,' negativ
1575,2.0,0.0,1.0,2.0,1.0,1.0,' negativ
1576,2.0,0.0,1.0,2.0,1.0,2.0,' negativ
1577,2.0,0.0,1.0,2.0,1.0,1.0,' negativ
1578,2.0,0.0,1.0,2.0,2.0,1.0,' negativ
1579,2.0,0.0,1.0,2.0,2.0,2.0,' negativ
1580,2.0,0.0,1.0,2.0,2.0,2.0,' negativ
1581,2.0,0.0,1.0,2.0,1.0,2.0,' negativ
1582,2.0,0.0,1.0,2.0,1.0,2.0,' negativ
1583,2.0,0.0,1.0,2.0,1.0,2.0,' negativ
1584,2.0,0.0,1.0,2.0,2.0,2.0,' negativ
1585,2.0,0.0,1.0,2.0,2.0,2.0,' negativ
1586,2.0,0.0,1.0,2.0,1.0,2.0,' negativ
1587,2.0,0.0,1.0,2.0,1.0,2.0,' negativ
1588,2.0,0.0,1.0,2.0,2.0,2.0,' negativ
1589,2.0,0.0,2.0,0.0,1.0,0.0,' negativ
1590,2.0,0.0,2.0,0.0,2.0,0.0,' negativ
1591,2.0,0.0,2.0,0.0,1.0,0.0,' negativ
1592,2.0,0.0,2.0,0.0,2.0,0.0,' negativ
1593,2.0,0.0,2.0,0.0,1.0,0.0,' negativ
1594,2.0,0.0,2.0,0.0,1.0,1.0,' negativ
1595,2.0,0.0,2.0,0.0,2.0,0.0,' negativ
1596,2.0,0.0,2.0,0.0,2.0,1.0,' negativ
1597,2.0,0.0,2.0,1.0,1.0,0.0,' negativ
1598,2.0,0.0,2.0,1.0,1.0,1.0,' negativ
1599,2.0,0.0,2.0,1.0,1.0,1.0,' negativ
1600,2.0,0.0,2.0,1.0,2.0,0.0,' negativ
1601,2.0,0.0,2.0,1.0,2.0,1.0,' negativ
1602,2.0,0.0,2.0,1.0,1.0,1.0,' negativ
1603,2.0,0.0,2.0,1.0,1.0,1.0,' negativ
1604,2.0,0.0,2.0,1.0,2.0,2.0,' negativ
1605,2.0,0.0,2.0,2.0,1.0,2.0,' negativ
1606,2.0,0.0,2.0,2.0,1.0,2.0,' negativ
1607,2.0,0.0,2.0,2.0,2.0,1.0,' negativ
1608,2.0,0.0,2.0,2.0,2.0,2.0,' negativ
1609,2.0,0.0,2.0,2.0,1.0,2.0,' negativ
1610,2.0,0.0,2.0,2.0,1.0,2.0,' negativ
1611,2.0,0.0,2.0,2.0,2.0,2.0,' negativ
1612,2.0,0.0,2.0,2.0,2.0,2.0,' negativ
1613,2.0,0.0,2.0,2.0,1.0,2.0,' negativ
1614,2.0,0.0,2.0,2.0,1.0,2.0,' negativ
1615,2.0,1.0,2.0,0.0,2.0,0.0,' negativ
1616,2.0,1.0,2.0,0.0,2.0,0.0,' negativ
1617,2.0,1.0,2.0,0.0,2.0,0.0,' negativ
1618,2.0,1.0,2.0,0.0,2.0,0.0,' negativ
1619,2.0,1.0,2.0,0.0,2.0,0.0,' negativ
1620,2.0,1.0,2.0,0.0,2.0,0.0,' negativ
1621,2.0,1.0,2.0,0.0,2.0,0.0,' negativ
1622,2.0,1.0,2.0,0.0,2.0,0.0,' negativ
1623,2.0,1.0,2.0,0.0,2.0,1.0,' negativ
1624,2.0,1.0,2.0,0.0,2.0,0.0,' negativ
1625,2.0,1.0,2.0,1.0,2.0,0.0,' negativ
1626,2.0,1.0,2.0,1.0,2.0,1.0,' negativ
1627,2.0,1.0,2.0,1.0,2.0,0.0,' negativ
1628,2.0,1.0,2.0,1.0,2.0,1.0,' negativ
1629,2.0,1.0,2.0,1.0,2.0,1.0,' negativ
1630,2.0,1.0,2.0,1.0,2.0,1.0,' negativ
1631,2.0,1.0,2.0,1.0,2.0,2.0,' negativ
1632,2.0,1.0,2.0,1.0,2.0,1.0,' negativ
1633,2.0,1.0,2.0,1.0,2.0,2.0,' negativ
1634,2.0,1.0,2.0,2.0,2.0,1.0,' negativ
1635,2.0,1.0,2.0,2.0,2.0,2.0,' negativ
1636,2.0,1.0,2.0,2.0,2.0,1.0,' negativ
1637,2.0,1.0,2.0,2.0,2.0,2.0,' negativ
1638,2.0,1.0,2.0,2.0,2.0,2.0,' negativ
1639,2.0,1.0,2.0,2.0,2.0,2.0,' negativ
1640,2.0,1.0,2.0,2.0,2.0,2.0,' negativ
1641,2.0,1.0,2.0,2.0,2.0,2.0,' negativ
1642,2.0,1.0,2.0,2.0,2.0,2.0,' negativ
1643,2.0,1.0,2.0,2.0,2.0,2.0,' negativ
1644,2.0,1.0,2.0,2.0,2.0,2.0,' negativ
1645,2.0,1.0,2.0,0.0,2.0,0.0,' negativ
1646,2.0,1.0,2.0,0.0,2.0,0.0,' negativ
1647,2.0,1.0,2.0,0.0,2.0,0.0,' negativ
1648,2.0,1.0,2.0,0.0,2.0,0.0,' negativ
1649,2.0,1.0,2.0,0.0,2.0,0.0,' negativ
1650,2.0,1.0,2.0,0.0,2.0,0.0,' negativ
1651,2.0,1.0,2.0,0.0,2.0,1.0,' negativ
1652,2.0,1.0,2.0,0.0,2.0,0.0,' negativ
1653,2.0,1.0,2.0,0.0,0.0,1.0,' negativ
1654,2.0,1.0,2.0,1.0,2.0,0.0,' negativ
1655,2.0,1.0,2.0,1.0,2.0,1.0,' negativ
1656,2.0,1.0,2.0,1.0,2.0,1.0,' negativ
1657,2.0,1.0,2.0,1.0,2.0,1.0,' negativ
1658,2.0,1.0,2.0,1.0,0.0,1.0,' negativ
1659,2.0,1.0,2.0,1.0,2.0,2.0,' negativ
1660,2.0,1.0,2.0,1.0,0.0,1.0,' negativ
1661,2.0,1.0,2.0,1.0,0.0,2.0,' negativ
1662,2.0,1.0,2.0,2.0,2.0,1.0,' negativ
1663,2.0,1.0,2.0,2.0,2.0,2.0,' negativ
1664,2.0,1.0,2.0,2.0,2.0,2.0,' negativ
1665,2.0,1.0,2.0,2.0,0.0,1.0,' negativ
1666,2.0,1.0,2.0,2.0,0.0,2.0,' negativ
1667,2.0,1.0,2.0,2.0,0.0,2.0,' negativ
1668,2.0,1.0,2.0,2.0,2.0,2.0,' negativ
1669,2.0,1.0,2.0,2.0,2.0,2.0,' negativ
1670,2.0,1.0,2.0,2.0,2.0,2.0,' negativ
1671,2.0,1.0,2.0,2.0,0.0,2.0,' negativ
1672,2.0,1.0,2.0,2.0,0.0,2.0,' negativ
1673,2.0,1.0,2.0,2.0,0.0,2.0,' negativ
1674,2.0,1.0,2.0,2.0,2.0,2.0,' negativ
1675,2.0,1.0,0.0,1.0,2.0,0.0,' negativ
1676,2.0,1.0,0.0,1.0,2.0,1.0,' negativ
1677,2.0,1.0,0.0,1.0,0.0,1.0,' negativ
1678,2.0,1.0,0.0,1.0,2.0,1.0,' negativ
1679,2.0,1.0,0.0,1.0,2.0,1.0,' negativ
1680,2.0,1.0,0.0,1.0,2.0,2.0,' negativ
1681,2.0,1.0,0.0,1.0,0.0,1.0,' negativ
1682,2.0,1.0,0.0,1.0,0.0,2.0,' negativ
1683,2.0,1.0,0.0,1.0,0.0,1.0,' negativ
1684,2.0,1.0,0.0,1.0,0.0,1.0,' negativ
1685,2.0,1.0,0.0,1.0,0.0,2.0,' negativ
1686,2.0,1.0,0.0,2.0,2.0,1.0,' negativ
1687,2.0,1.0,0.0,2.0,2.0,2.0,' negativ
1688,2.0,1.0,0.0,2.0,2.0,2.0,' negativ
1689,2.0,1.0,0.0,2.0,0.0,2.0,' negativ
1690,2.0,1.0,0.0,2.0,0.0,1.0,' negativ
1691,2.0,1.0,0.0,2.0,0.0,2.0,' negativ
1692,2.0,1.0,0.0,2.0,2.0,2.0,' negativ
1693,2.0,1.0,0.0,2.0,2.0,2.0,' negativ
1694,2.0,1.0,0.0,2.0,0.0,2.0,' negativ
1695,2.0,1.0,0.0,2.0,0.0,2.0,' negativ
1696,2.0,1.0,0.0,2.0,0.0,2.0,' negativ
1697,2.0,1.0,0.0,2.0,0.0,2.0,' negativ
1698,2.0,1.0,0.0,2.0,0.0,2.0,' negativ
1699,2.0,1.0,0.0,2.0,0.0,2.0,' negativ
1700,2.0,1.0,0.0,2.0,0.0,2.0,' negativ
1701,2.0,1.0,0.0,1.0,0.0,1.0,' negativ
1702,2.0,1.0,0.0,1.0,0.0,1.0,' negativ
1703,2.0,1.0,0.0,1.0,0.0,1.0,' negativ
1704,2.0,1.0,0.0,1.0,0.0,2.0,' negativ
1705,2.0,1.0,0.0,1.0,0.0,1.0,' negativ
1706,2.0,1.0,0.0,1.0,0.0,2.0,' negativ
1707,2.0,1.0,0.0,1.0,0.0,1.0,' negativ
1708,2.0,1.0,0.0,1.0,0.0,2.0,' negativ
1709,2.0,1.0,0.0,2.0,0.0,2.0,' negativ
1710,2.0,1.0,0.0,2.0,0.0,2.0,' negativ
1711,2.0,1.0,0.0,2.0,0.0,1.0,' negativ
1712,2.0,1.0,0.0,2.0,0.0,2.0,' negativ
1713,2.0,1.0,0.0,2.0,0.0,2.0,' negativ
1714,2.0,1.0,0.0,2.0,0.0,2.0,' negativ
1715,2.0,1.0,0.0,2.0,0.0,2.0,' negativ
1716,2.0,1.0,0.0,2.0,0.0,2.0,' negativ
1717,2.0,1.0,0.0,2.0,0.0,2.0,' negativ
1718,2.0,1.0,0.0,2.0,0.0,2.0,' negativ
1719,2.0,1.0,0.0,2.0,0.0,2.0,' negativ
1720,2.0,1.0,0.0,2.0,0.0,2.0,' negativ
1721,2.0,1.0,0.0,2.0,0.0,2.0,' negativ
1722,2.0,1.0,0.0,2.0,0.0,2.0,' negativ
1723,2.0,1.0,0.0,1.0,0.0,1.0,' negativ
1724,2.0,1.0,0.0,1.0,0.0,1.0,' negativ
1725,2.0,1.0,0.0,1.0,1.0,0.0,' negativ
1726,2.0,1.0,0.0,1.0,1.0,1.0,' negativ
1727,2.0,1.0,0.0,1.0,1.0,1.0,' negativ
1728,2.0,1.0,0.0,1.0,0.0,1.0,' negativ
1729,2.0,1.0,0.0,1.0,0.0,1.0,' negativ
1730,2.0,1.0,0.0,1.0,0.0,2.0,' negativ
1731,2.0,1.0,0.0,1.0,1.0,1.0,' negativ
1732,2.0,1.0,0.0,1.0,1.0,1.0,' negativ
1733,2.0,1.0,0.0,2.0,0.0,1.0,' negativ
1734,2.0,1.0,0.0,2.0,0.0,2.0,' negativ
1735,2.0,1.0,0.0,2.0,0.0,2.0,' negativ
1736,2.0,1.0,0.0,2.0,0.0,2.0,' negativ
1737,2.0,1.0,0.0,2.0,1.0,1.0,' negativ
1738,2.0,1.0,0.0,2.0,1.0,2.0,' negativ
1739,2.0,1.0,0.0,2.0,0.0,2.0,' negativ
1740,2.0,1.0,0.0,2.0,0.0,2.0,' negativ
1741,2.0,1.0,0.0,2.0,1.0,2.0,' negativ
1742,2.0,1.0,0.0,2.0,1.0,2.0,' negativ
1743,2.0,1.0,0.0,2.0,1.0,2.0,' negativ
1744,2.0,1.0,0.0,2.0,0.0,2.0,' negativ
1745,2.0,1.0,0.0,2.0,1.0,2.0,' negativ
1746,2.0,1.0,1.0,0.0,1.0,0.0,' negativ
1747,2.0,1.0,1.0,0.0,1.0,0.0,' negativ
1748,2.0,1.0,1.0,0.0,1.0,0.0,' negativ
1749,2.0,1.0,1.0,0.0,1.0,0.0,' negativ
1750,2.0,1.0,1.0,0.0,1.0,0.0,' negativ
1751,2.0,1.0,1.0,0.0,1.0,0.0,' negativ
1752,2.0,1.0,1.0,0.0,1.0,0.0,' negativ
1753,2.0,1.0,1.0,0.0,0.0,1.0,' negativ
1754,2.0,1.0,1.0,0.0,1.0,0.0,' negativ
1755,2.0,1.0,1.0,0.0,1.0,1.0,' negativ
1756,2.0,1.0,1.0,0.0,1.0,0.0,' negativ
1757,2.0,1.0,1.0,0.0,1.0,0.0,' negativ
1758,2.0,1.0,1.0,1.0,0.0,1.0,' negativ
1759,2.0,1.0,1.0,1.0,0.0,1.0,' negativ
1760,2.0,1.0,1.0,1.0,1.0,1.0,' negativ
1761,2.0,1.0,1.0,1.0,1.0,0.0,' negativ
1762,2.0,1.0,1.0,1.0,1.0,1.0,' negativ
1763,2.0,1.0,1.0,1.0,0.0,1.0,' negativ
1764,2.0,1.0,1.0,1.0,0.0,1.0,' negativ
1765,2.0,1.0,1.0,1.0,0.0,2.0,' negativ
1766,2.0,1.0,1.0,1.0,1.0,1.0,' negativ
1767,2.0,1.0,1.0,1.0,1.0,2.0,' negativ
1768,2.0,1.0,1.0,1.0,1.0,1.0,' negativ
1769,2.0,1.0,1.0,2.0,0.0,1.0,' negativ
1770,2.0,1.0,1.0,2.0,0.0,2.0,' negativ
1771,2.0,1.0,1.0,2.0,0.0,2.0,' negativ
1772,2.0,1.0,1.0,2.0,1.0,1.0,' negativ
1773,2.0,1.0,1.0,2.0,1.0,2.0,' negativ
1774,2.0,1.0,1.0,2.0,1.0,1.0,' negativ
1775,2.0,1.0,1.0,2.0,1.0,2.0,' negativ
1776,2.0,1.0,1.0,2.0,1.0,2.0,' negativ
1777,2.0,1.0,1.0,2.0,0.0,2.0,' negativ
1778,2.0,1.0,1.0,2.0,0.0,2.0,' negativ
1779,2.0,1.0,1.0,2.0,0.0,2.0,' negativ
1780,2.0,1.0,1.0,2.0,1.0,2.0,' negativ
1781,2.0,1.0,1.0,2.0,1.0,2.0,' negativ
1782,2.0,1.0,1.0,2.0,1.0,2.0,' negativ
1783,2.0,1.0,1.0,2.0,1.0,2.0,' negativ
1784,2.0,1.0,1.0,2.0,0.0,2.0,' negativ
1785,2.0,1.0,1.0,2.0,0.0,2.0,' negativ
1786,2.0,1.0,1.0,2.0,1.0,2.0,' negativ
1787,2.0,1.0,1.0,2.0,1.0,2.0,' negativ
1788,2.0,1.0,1.0,2.0,1.0,2.0,' negativ
1789,2.0,1.0,1.0,0.0,1.0,0.0,' negativ
1790,2.0,1.0,1.0,0.0,1.0,0.0,' negativ
1791,2.0,1.0,1.0,0.0,2.0,0.0,' negativ
1792,2.0,1.0,1.0,0.0,1.0,0.0,' negativ
1793,2.0,1.0,1.0,0.0,1.0,0.0,' negativ
1794,2.0,1.0,1.0,0.0,1.0,0.0,' negativ
1795,2.0,1.0,1.0,0.0,1.0,0.0,' negativ
1796,2.0,1.0,1.0,0.0,1.0,0.0,' negativ
1797,2.0,1.0,1.0,0.0,2.0,0.0,' negativ
1798,2.0,1.0,1.0,0.0,2.0,0.0,' negativ
1799,2.0,1.0,1.0,0.0,2.0,0.0,' negativ
1800,2.0,1.0,1.0,0.0,1.0,0.0,' negativ
1801,2.0,1.0,1.0,0.0,1.0,0.0,' negativ
1802,2.0,1.0,1.0,0.0,1.0,0.0,' negativ
1803,2.0,1.0,1.0,0.0,1.0,1.0,' negativ
1804,2.0,1.0,1.0,0.0,2.0,0.0,' negativ
1805,2.0,1.0,1.0,0.0,2.0,1.0,' negativ
1806,2.0,1.0,1.0,1.0,1.0,0.0,' negativ
1807,2.0,1.0,1.0,1.0,1.0,1.0,' negativ
1808,2.0,1.0,1.0,1.0,1.0,1.0,' negativ
1809,2.0,1.0,1.0,1.0,1.0,0.0,' negativ
1810,2.0,1.0,1.0,1.0,1.0,1.0,' negativ
1811,2.0,1.0,1.0,1.0,2.0,0.0,' negativ
1812,2.0,1.0,1.0,1.0,2.0,1.0,' negativ
1813,2.0,1.0,1.0,1.0,2.0,1.0,' negativ
1814,2.0,1.0,1.0,1.0,1.0,2.0,' negativ
1815,2.0,1.0,1.0,1.0,1.0,1.0,' negativ
1816,2.0,1.0,1.0,1.0,1.0,2.0,' negativ
1817,2.0,1.0,1.0,1.0,2.0,1.0,' negativ
1818,2.0,1.0,1.0,1.0,2.0,1.0,' negativ
1819,2.0,1.0,1.0,1.0,2.0,2.0,' negativ
1820,2.0,1.0,1.0,2.0,1.0,1.0,' negativ
1821,2.0,1.0,1.0,2.0,1.0,2.0,' negativ
1822,2.0,1.0,1.0,2.0,1.0,2.0,' negativ
1823,2.0,1.0,1.0,2.0,1.0,1.0,' negativ
1824,2.0,1.0,1.0,2.0,2.0,2.0,' negativ
1825,2.0,1.0,1.0,2.0,1.0,2.0,' negativ
1826,2.0,1.0,1.0,2.0,1.0,2.0,' negativ
1827,2.0,1.0,1.0,2.0,1.0,2.0,' negativ
1828,2.0,1.0,1.0,2.0,1.0,2.0,' negativ
1829,2.0,1.0,1.0,2.0,2.0,2.0,' negativ
1830,2.0,1.0,1.0,2.0,2.0,2.0,' negativ
1831,2.0,1.0,1.0,2.0,2.0,2.0,' negativ
1832,2.0,1.0,1.0,2.0,1.0,2.0,' negativ
1833,2.0,1.0,1.0,2.0,1.0,2.0,' negativ
1834,2.0,1.0,1.0,2.0,2.0,2.0,' negativ
1835,2.0,1.0,1.0,2.0,2.0,2.0,' negativ
1836,2.0,1.0,2.0,0.0,1.0,0.0,' negativ
1837,2.0,1.0,2.0,0.0,1.0,0.0,' negativ
1838,2.0,1.0,2.0,0.0,1.0,0.0,' negativ
1839,2.0,1.0,2.0,0.0,2.0,0.0,' negativ
1840,2.0,1.0,2.0,0.0,2.0,0.0,' negativ
1841,2.0,1.0,2.0,0.0,1.0,0.0,' negativ
1842,2.0,1.0,2.0,0.0,1.0,0.0,' negativ
1843,2.0,1.0,2.0,0.0,1.0,1.0,' negativ
1844,2.0,1.0,2.0,0.0,2.0,0.0,' negativ
1845,2.0,1.0,2.0,1.0,1.0,0.0,' negativ
1846,2.0,1.0,2.0,1.0,1.0,1.0,' negativ
1847,2.0,1.0,2.0,1.0,1.0,1.0,' negativ
1848,2.0,1.0,2.0,1.0,2.0,0.0,' negativ
1849,2.0,1.0,2.0,1.0,2.0,1.0,' negativ
1850,2.0,1.0,2.0,1.0,1.0,1.0,' negativ
1851,2.0,1.0,2.0,1.0,1.0,1.0,' negativ
1852,2.0,1.0,2.0,1.0,1.0,2.0,' negativ
1853,2.0,1.0,2.0,1.0,2.0,1.0,' negativ
1854,2.0,1.0,2.0,2.0,1.0,2.0,' negativ
1855,2.0,1.0,2.0,2.0,2.0,1.0,' negativ
1856,2.0,1.0,2.0,2.0,2.0,2.0,' negativ
1857,2.0,1.0,2.0,2.0,1.0,2.0,' negativ
1858,2.0,1.0,2.0,2.0,1.0,2.0,' negativ
1859,2.0,1.0,2.0,2.0,2.0,2.0,' negativ
1860,2.0,1.0,2.0,2.0,2.0,2.0,' negativ
1861,2.0,1.0,2.0,2.0,1.0,2.0,' negativ
1862,2.0,1.0,2.0,2.0,1.0,2.0,' negativ
1863,2.0,1.0,2.0,2.0,2.0,2.0,' negativ
1864,2.0,2.0,2.0,0.0,2.0,0.0,' negativ
1865,2.0,2.0,2.0,0.0,2.0,0.0,' negativ
1866,2.0,2.0,2.0,0.0,2.0,0.0,' negativ
1867,2.0,2.0,2.0,0.0,2.0,0.0,' negativ
1868,2.0,2.0,2.0,0.0,2.0,0.0,' negativ
1869,2.0,2.0,2.0,0.0,2.0,0.0,' negativ
1870,2.0,2.0,2.0,0.0,2.0,1.0,' negativ
1871,2.0,2.0,2.0,0.0,2.0,0.0,' negativ
1872,2.0,2.0,2.0,0.0,2.0,0.0,' negativ
1873,2.0,2.0,2.0,0.0,2.0,1.0,' negativ
1874,2.0,2.0,2.0,1.0,2.0,0.0,' negativ
1875,2.0,2.0,2.0,1.0,2.0,0.0,' negativ
1876,2.0,2.0,2.0,1.0,2.0,1.0,' negativ
1877,2.0,2.0,2.0,1.0,2.0,1.0,' negativ
1878,2.0,2.0,2.0,1.0,2.0,2.0,' negativ
1879,2.0,2.0,2.0,1.0,2.0,1.0,' negativ
1880,2.0,2.0,2.0,1.0,2.0,2.0,' negativ
1881,2.0,2.0,2.0,2.0,2.0,1.0,' negativ
1882,2.0,2.0,2.0,2.0,2.0,2.0,' negativ
1883,2.0,2.0,2.0,2.0,2.0,1.0,' negativ
1884,2.0,2.0,2.0,2.0,2.0,2.0,' negativ
1885,2.0,2.0,2.0,2.0,2.0,2.0,' negativ
1886,2.0,2.0,2.0,2.0,2.0,2.0,' negativ
1887,2.0,2.0,2.0,2.0,2.0,2.0,' negativ
1888,2.0,2.0,2.0,2.0,2.0,2.0,' negativ
1889,2.0,2.0,2.0,2.0,2.0,2.0,' negativ
1890,2.0,2.0,2.0,0.0,2.0,0.0,' negativ
1891,2.0,2.0,2.0,0.0,0.0,0.0,' negativ
1892,2.0,2.0,2.0,0.0,2.0,0.0,' negativ
1893,2.0,2.0,2.0,0.0,2.0,0.0,' negativ
1894,2.0,2.0,2.0,0.0,2.0,0.0,' negativ
1895,2.0,2.0,2.0,0.0,2.0,0.0,' negativ
1896,2.0,2.0,2.0,0.0,0.0,0.0,' negativ
1897,2.0,2.0,2.0,0.0,2.0,0.0,' negativ
1898,2.0,2.0,2.0,0.0,2.0,0.0,' negativ
1899,2.0,2.0,2.0,0.0,2.0,1.0,' negativ
1900,2.0,2.0,2.0,0.0,2.0,1.0,' negativ
1901,2.0,2.0,2.0,1.0,2.0,0.0,' negativ
1902,2.0,2.0,2.0,1.0,2.0,1.0,' negativ
1903,2.0,2.0,2.0,1.0,0.0,1.0,' negativ
1904,2.0,2.0,2.0,1.0,2.0,1.0,' negativ
1905,2.0,2.0,2.0,1.0,2.0,1.0,' negativ
1906,2.0,2.0,2.0,2.0,2.0,1.0,' negativ
1907,2.0,2.0,2.0,2.0,2.0,2.0,' negativ
1908,2.0,2.0,2.0,2.0,2.0,2.0,' negativ
1909,2.0,2.0,2.0,2.0,2.0,1.0,' negativ
1910,2.0,2.0,2.0,2.0,2.0,2.0,' negativ
1911,2.0,2.0,2.0,2.0,0.0,1.0,' negativ
1912,2.0,2.0,2.0,2.0,0.0,2.0,' negativ
1913,2.0,2.0,2.0,2.0,0.0,2.0,' negativ
1914,2.0,2.0,2.0,2.0,2.0,2.0,' negativ
1915,2.0,2.0,2.0,2.0,2.0,2.0,' negativ
1916,2.0,2.0,2.0,2.0,2.0,2.0,' negativ
1917,2.0,2.0,2.0,2.0,0.0,2.0,' negativ
1918,2.0,2.0,2.0,2.0,0.0,2.0,' negativ
1919,2.0,2.0,2.0,2.0,0.0,2.0,' negativ
1920,2.0,2.0,2.0,2.0,2.0,2.0,' negativ
1921,2.0,2.0,2.0,2.0,2.0,2.0,' negativ
1922,2.0,2.0,2.0,2.0,0.0,2.0,' negativ
1923,2.0,2.0,2.0,2.0,0.0,2.0,' negativ
1924,2.0,2.0,0.0,0.0,2.0,0.0,' negativ
1925,2.0,2.0,0.0,0.0,2.0,0.0,' negativ
1926,2.0,2.0,0.0,0.0,0.0,0.0,' negativ
1927,2.0,2.0,0.0,1.0,2.0,1.0,' negativ
1928,2.0,2.0,0.0,1.0,2.0,1.0,' negativ
1929,2.0,2.0,0.0,1.0,2.0,2.0,' negativ
1930,2.0,2.0,0.0,1.0,0.0,2.0,' negativ
1931,2.0,2.0,0.0,1.0,0.0,1.0,' negativ
1932,2.0,2.0,0.0,2.0,2.0,1.0,' negativ
1933,2.0,2.0,0.0,2.0,2.0,2.0,' negativ
1934,2.0,2.0,0.0,2.0,0.0,1.0,' negativ
1935,2.0,2.0,0.0,2.0,0.0,2.0,' negativ
1936,2.0,2.0,0.0,2.0,2.0,2.0,' negativ
1937,2.0,2.0,0.0,2.0,2.0,2.0,' negativ
1938,2.0,2.0,0.0,2.0,0.0,2.0,' negativ
1939,2.0,2.0,0.0,2.0,0.0,2.0,' negativ
1940,2.0,2.0,0.0,2.0,0.0,2.0,' negativ
1941,2.0,2.0,0.0,2.0,2.0,2.0,' negativ
1942,2.0,2.0,0.0,2.0,0.0,2.0,' negativ
1943,2.0,2.0,0.0,2.0,0.0,2.0,' negativ
1944,2.0,2.0,0.0,2.0,0.0,2.0,' negativ
1945,2.0,2.0,0.0,0.0,0.0,0.0,' negativ
1946,2.0,2.0,0.0,0.0,0.0,0.0,' negativ
1947,2.0,2.0,0.0,1.0,0.0,2.0,' negativ
1948,2.0,2.0,0.0,1.0,0.0,1.0,' negativ
1949,2.0,2.0,0.0,1.0,0.0,2.0,' negativ
1950,2.0,2.0,0.0,2.0,0.0,1.0,' negativ
1951,2.0,2.0,0.0,2.0,0.0,2.0,' negativ
1952,2.0,2.0,0.0,2.0,0.0,1.0,' negativ
1953,2.0,2.0,0.0,2.0,0.0,2.0,' negativ
1954,2.0,2.0,0.0,2.0,0.0,1.0,' negativ
1955,2.0,2.0,0.0,2.0,0.0,2.0,' negativ
1956,2.0,2.0,0.0,2.0,0.0,2.0,' negativ
1957,2.0,2.0,0.0,2.0,0.0,2.0,' negativ
1958,2.0,2.0,0.0,2.0,0.0,2.0,' negativ
1959,2.0,2.0,0.0,2.0,0.0,2.0,' negativ
1960,2.0,2.0,0.0,2.0,0.0,2.0,' negativ
1961,2.0,2.0,0.0,2.0,0.0,2.0,' negativ
1962,2.0,2.0,0.0,2.0,0.0,2.0,' negativ
1963,2.0,2.0,0.0,2.0,0.0,2.0,' negativ
1964,2.0,2.0,0.0,2.0,0.0,2.0,' negativ
1965,2.0,2.0,0.0,2.0,0.0,2.0,' negativ
1966,2.0,2.0,0.0,0.0,1.0,0.0,' negativ
1967,2.0,2.0,0.0,1.0,0.0,1.0,' negativ
1968,2.0,2.0,0.0,1.0,0.0,2.0,' negativ
1969,2.0,2.0,0.0,1.0,1.0,1.0,' negativ
1970,2.0,2.0,0.0,1.0,1.0,1.0,' negativ
1971,2.0,2.0,0.0,1.0,1.0,2.0,' negativ
1972,2.0,2.0,0.0,2.0,0.0,1.0,' negativ
1973,2.0,2.0,0.0,2.0,0.0,2.0,' negativ
1974,2.0,2.0,0.0,2.0,0.0,2.0,' negativ
1975,2.0,2.0,0.0,2.0,0.0,1.0,' negativ
1976,2.0,2.0,0.0,2.0,0.0,2.0,' negativ
1977,2.0,2.0,0.0,2.0,1.0,1.0,' negativ
1978,2.0,2.0,0.0,2.0,1.0,2.0,' negativ
1979,2.0,2.0,0.0,2.0,1.0,2.0,' negativ
1980,2.0,2.0,0.0,2.0,0.0,2.0,' negativ
1981,2.0,2.0,0.0,2.0,0.0,2.0,' negativ
1982,2.0,2.0,0.0,2.0,0.0,2.0,' negativ
1983,2.0,2.0,0.0,2.0,0.0,2.0,' negativ
1984,2.0,2.0,0.0,2.0,1.0,2.0,' negativ
1985,2.0,2.0,0.0,2.0,1.0,2.0,' negativ
1986,2.0,2.0,0.0,2.0,1.0,2.0,' negativ
1987,2.0,2.0,0.0,2.0,0.0,2.0,' negativ
1988,2.0,2.0,0.0,2.0,0.0,2.0,' negativ
1989,2.0,2.0,0.0,2.0,0.0,2.0,' negativ
1990,2.0,2.0,0.0,2.0,1.0,2.0,' negativ
1991,2.0,2.0,1.0,0.0,0.0,0.0,' negativ
1992,2.0,2.0,1.0,0.0,1.0,0.0,' negativ
1993,2.0,2.0,1.0,0.0,1.0,0.0,' negativ
1994,2.0,2.0,1.0,0.0,0.0,0.0,' negativ
1995,2.0,2.0,1.0,0.0,1.0,0.0,' negativ
1996,2.0,2.0,1.0,0.0,1.0,0.0,' negativ
1997,2.0,2.0,1.0,0.0,1.0,0.0,' negativ
1998,2.0,2.0,1.0,0.0,1.0,0.0,' negativ
1999,2.0,2.0,1.0,0.0,1.0,1.0,' negativ
2000,2.0,2.0,1.0,0.0,1.0,0.0,' negativ
2001,2.0,2.0,1.0,0.0,1.0,0.0,' negativ
2002,2.0,2.0,1.0,0.0,1.0,1.0,' negativ
2003,2.0,2.0,1.0,1.0,0.0,1.0,' negativ
2004,2.0,2.0,1.0,1.0,1.0,0.0,' negativ
2005,2.0,2.0,1.0,1.0,1.0,1.0,' negativ
2006,2.0,2.0,1.0,1.0,1.0,1.0,' negativ
2007,2.0,2.0,1.0,1.0,0.0,1.0,' negativ
2008,2.0,2.0,1.0,1.0,1.0,1.0,' negativ
2009,2.0,2.0,1.0,1.0,1.0,2.0,' negativ
2010,2.0,2.0,1.0,1.0,1.0,1.0,' negativ
2011,2.0,2.0,1.0,1.0,1.0,2.0,' negativ
2012,2.0,2.0,1.0,2.0,0.0,2.0,' negativ
2013,2.0,2.0,1.0,2.0,1.0,1.0,' negativ
2014,2.0,2.0,1.0,2.0,1.0,1.0,' negativ
2015,2.0,2.0,1.0,2.0,1.0,2.0,' negativ
2016,2.0,2.0,1.0,2.0,1.0,2.0,' negativ
2017,2.0,2.0,1.0,2.0,0.0,2.0,' negativ
2018,2.0,2.0,1.0,2.0,0.0,2.0,' negativ
2019,2.0,2.0,1.0,2.0,1.0,2.0,' negativ
2020,2.0,2.0,1.0,2.0,1.0,2.0,' negativ
2021,2.0,2.0,1.0,2.0,1.0,2.0,' negativ
2022,2.0,2.0,1.0,2.0,1.0,2.0,' negativ
2023,2.0,2.0,1.0,2.0,1.0,2.0,' negativ
2024,2.0,2.0,1.0,2.0,0.0,2.0,' negativ
2025,2.0,2.0,1.0,2.0,0.0,2.0,' negativ
2026,2.0,2.0,1.0,2.0,1.0,2.0,' negativ
2027,2.0,2.0,1.0,2.0,1.0,2.0,' negativ
2028,2.0,2.0,1.0,0.0,1.0,0.0,' negativ
2029,2.0,2.0,1.0,0.0,1.0,0.0,' negativ
2030,2.0,2.0,1.0,0.0,2.0,0.0,' negativ
2031,2.0,2.0,1.0,0.0,2.0,0.0,' negativ
2032,2.0,2.0,1.0,0.0,1.0,0.0,' negativ
2033,2.0,2.0,1.0,0.0,1.0,0.0,' negativ
2034,2.0,2.0,1.0,0.0,1.0,0.0,' negativ
2035,2.0,2.0,1.0,0.0,1.0,0.0,' negativ
2036,2.0,2.0,1.0,0.0,1.0,0.0,' negativ
2037,2.0,2.0,1.0,0.0,2.0,0.0,' negativ
2038,2.0,2.0,1.0,0.0,2.0,0.0,' negativ
2039,2.0,2.0,1.0,0.0,2.0,0.0,' negativ
2040,2.0,2.0,1.0,0.0,1.0,0.0,' negativ
2041,2.0,2.0,1.0,0.0,1.0,1.0,' negativ
2042,2.0,2.0,1.0,0.0,1.0,1.0,' negativ
2043,2.0,2.0,1.0,0.0,2.0,0.0,' negativ
2044,2.0,2.0,1.0,0.0,2.0,1.0,' negativ
2045,2.0,2.0,1.0,1.0,1.0,0.0,' negativ
2046,2.0,2.0,1.0,1.0,1.0,1.0,' negativ
2047,2.0,2.0,1.0,1.0,1.0,1.0,' negativ
2048,2.0,2.0,1.0,1.0,1.0,0.0,' negativ
2049,2.0,2.0,1.0,1.0,2.0,0.0,' negativ
2050,2.0,2.0,1.0,1.0,2.0,1.0,' negativ
2051,2.0,2.0,1.0,1.0,2.0,1.0,' negativ
2052,2.0,2.0,1.0,1.0,1.0,1.0,' negativ
2053,2.0,2.0,1.0,1.0,1.0,1.0,' negativ
2054,2.0,2.0,1.0,1.0,1.0,2.0,' negativ
2055,2.0,2.0,1.0,1.0,1.0,1.0,' negativ
2056,2.0,2.0,1.0,1.0,1.0,2.0,' negativ
2057,2.0,2.0,1.0,1.0,2.0,1.0,' negativ
2058,2.0,2.0,1.0,1.0,2.0,1.0,' negativ
2059,2.0,2.0,1.0,1.0,2.0,2.0,' negativ
2060,2.0,2.0,1.0,2.0,1.0,1.0,' negativ
2061,2.0,2.0,1.0,2.0,1.0,2.0,' negativ
2062,2.0,2.0,1.0,2.0,1.0,2.0,' negativ
2063,2.0,2.0,1.0,2.0,1.0,1.0,' negativ
2064,2.0,2.0,1.0,2.0,2.0,1.0,' negativ
2065,2.0,2.0,1.0,2.0,2.0,2.0,' negativ
2066,2.0,2.0,1.0,2.0,2.0,2.0,' negativ
2067,2.0,2.0,1.0,2.0,1.0,2.0,' negativ
2068,2.0,2.0,1.0,2.0,1.0,2.0,' negativ
2069,2.0,2.0,1.0,2.0,1.0,2.0,' negativ
2070,2.0,2.0,1.0,2.0,1.0,2.0,' negativ
2071,2.0,2.0,1.0,2.0,2.0,2.0,' negativ
2072,2.0,2.0,1.0,2.0,2.0,2.0,' negativ
2073,2.0,2.0,1.0,2.0,1.0,2.0,' negativ
2074,2.0,2.0,1.0,2.0,1.0,2.0,' negativ
2075,2.0,2.0,1.0,2.0,1.0,2.0,' negativ
2076,2.0,2.0,1.0,2.0,2.0,2.0,' negativ
2077,2.0,2.0,2.0,0.0,1.0,0.0,' negativ
2078,2.0,2.0,2.0,0.0,2.0,0.0,' negativ
2079,2.0,2.0,2.0,0.0,1.0,0.0,' negativ
2080,2.0,2.0,2.0,0.0,1.0,0.0,' negativ
2081,2.0,2.0,2.0,0.0,2.0,0.0,' negativ
2082,2.0,2.0,2.0,0.0,2.0,0.0,' negativ
2083,2.0,2.0,2.0,0.0,1.0,0.0,' negativ
2084,2.0,2.0,2.0,0.0,1.0,0.0,' negativ
2085,2.0,2.0,2.0,0.0,1.0,1.0,' negativ
2086,2.0,2.0,2.0,0.0,2.0,0.0,' negativ
2087,2.0,2.0,2.0,1.0,1.0,0.0,' negativ
2088,2.0,2.0,2.0,1.0,1.0,1.0,' negativ
2089,2.0,2.0,2.0,1.0,1.0,1.0,' negativ
2090,2.0,2.0,2.0,1.0,1.0,1.0,' negativ
2091,2.0,2.0,2.0,1.0,1.0,1.0,' negativ
2092,2.0,2.0,2.0,1.0,1.0,2.0,' negativ
2093,2.0,2.0,2.0,1.0,2.0,1.0,' negativ
2094,2.0,2.0,2.0,1.0,2.0,2.0,' negativ
2095,2.0,2.0,2.0,2.0,1.0,1.0,' negativ
2096,2.0,2.0,2.0,2.0,1.0,2.0,' negativ
2097,2.0,2.0,2.0,2.0,1.0,2.0,' negativ
2098,2.0,2.0,2.0,2.0,2.0,1.0,' negativ
2099,2.0,2.0,2.0,2.0,2.0,2.0,' negativ
2100,2.0,2.0,2.0,2.0,1.0,2.0,' negativ
2101,2.0,2.0,2.0,2.0,1.0,2.0,' negativ
2102,2.0,2.0,2.0,2.0,2.0,2.0,' negativ
2103,2.0,2.0,2.0,2.0,2.0,2.0,' negativ
2104,2.0,2.0,2.0,0.0,2.0,0.0,' negativ
2105,2.0,2.0,2.0,0.0,2.0,0.0,' negativ
2106,2.0,2.0,2.0,0.0,2.0,0.0,' negativ
2107,2.0,2.0,2.0,0.0,2.0,0.0,' negativ
2108,2.0,2.0,2.0,0.0,2.0,0.0,' negativ
2109,2.0,2.0,2.0,0.0,0.0,0.0,' negativ
2110,2.0,2.0,2.0,0.0,0.0,0.0,' negativ
2111,2.0,2.0,2.0,0.0,2.0,0.0,' negativ
2112,2.0,2.0,2.0,0.0,2.0,0.0,' negativ
2113,2.0,2.0,2.0,0.0,0.0,0.0,' negativ
2114,2.0,2.0,0.0,0.0,0.0,0.0,' negativ
2115,2.0,2.0,0.0,0.0,0.0,0.0,' negativ
2116,2.0,2.0,0.0,0.0,2.0,0.0,' negativ
2117,2.0,2.0,0.0,0.0,0.0,0.0,' negativ
2118,2.0,2.0,0.0,0.0,0.0,0.0,' negativ
2119,2.0,2.0,0.0,0.0,0.0,0.0,' negativ
2120,2.0,2.0,0.0,0.0,0.0,0.0,' negativ
2121,2.0,2.0,0.0,0.0,0.0,0.0,' negativ
2122,2.0,2.0,0.0,0.0,0.0,0.0,' negativ
2123,2.0,2.0,0.0,0.0,0.0,0.0,' negativ
2124,2.0,2.0,0.0,0.0,0.0,0.0,' negativ
2125,2.0,2.0,0.0,0.0,0.0,0.0,' negativ
2126,2.0,2.0,0.0,0.0,0.0,0.0,' negativ
2127,2.0,2.0,0.0,0.0,0.0,0.0,' negativ
2128,2.0,2.0,0.0,0.0,0.0,0.0,' negativ
2129,2.0,2.0,0.0,0.0,1.0,0.0,' negativ
2130,2.0,2.0,0.0,0.0,1.0,0.0,' negativ
2131,2.0,2.0,0.0,0.0,0.0,0.0,' negativ
2132,2.0,2.0,0.0,0.0,1.0,0.0,' negativ
2133,2.0,2.0,0.0,0.0,1.0,0.0,' negativ
2134,2.0,2.0,1.0,0.0,0.0,0.0,' negativ
2135,2.0,2.0,1.0,0.0,1.0,0.0,' negativ
2136,2.0,2.0,1.0,0.0,1.0,0.0,' negativ
2137,2.0,2.0,1.0,0.0,0.0,0.0,' negativ
2138,2.0,2.0,1.0,0.0,0.0,0.0,' negativ
2139,2.0,2.0,1.0,0.0,1.0,0.0,' negativ
2140,2.0,2.0,1.0,0.0,1.0,0.0,' negativ
2141,2.0,2.0,1.0,0.0,1.0,0.0,' negativ
2142,2.0,2.0,1.0,0.0,1.0,0.0,' negativ
2143,2.0,2.0,1.0,0.0,0.0,0.0,' negativ
2144,2.0,2.0,1.0,0.0,1.0,0.0,' negativ
2145,2.0,2.0,1.0,0.0,1.0,1.0,' negativ
2146,2.0,2.0,1.0,0.0,1.0,0.0,' negativ
2147,2.0,2.0,1.0,0.0,1.0,0.0,' negativ
2148,2.0,2.0,1.0,0.0,1.0,1.0,' negativ
2149,2.0,2.0,1.0,1.0,1.0,0.0,' negativ
2150,2.0,2.0,1.0,1.0,1.0,0.0,' negativ
2151,2.0,2.0,1.0,1.0,1.0,1.0,' negativ
2152,2.0,2.0,1.0,1.0,1.0,1.0,' negativ
2153,2.0,2.0,1.0,1.0,1.0,1.0,' negativ
2154,2.0,2.0,1.0,1.0,1.0,2.0,' negativ
2155,2.0,2.0,1.0,1.0,1.0,1.0,' negativ
2156,2.0,2.0,1.0,1.0,1.0,1.0,' negativ
2157,2.0,2.0,1.0,1.0,1.0,2.0,' negativ
2158,2.0,2.0,1.0,2.0,1.0,1.0,' negativ
2159,2.0,2.0,1.0,2.0,1.0,1.0,' negativ
2160,2.0,2.0,1.0,2.0,1.0,2.0,' negativ
2161,2.0,2.0,1.0,2.0,1.0,2.0,' negativ
2162,2.0,2.0,1.0,0.0,1.0,0.0,' negativ
2163,2.0,2.0,1.0,0.0,1.0,0.0,' negativ
2164,2.0,2.0,1.0,0.0,1.0,0.0,' negativ
2165,2.0,2.0,1.0,0.0,2.0,0.0,' negativ
2166,2.0,2.0,1.0,0.0,1.0,0.0,' negativ
2167,2.0,2.0,1.0,0.0,1.0,0.0,' negativ
2168,2.0,2.0,1.0,0.0,1.0,0.0,' negativ
2169,2.0,2.0,1.0,0.0,1.0,0.0,' negativ
2170,2.0,2.0,1.0,0.0,1.0,0.0,' negativ
2171,2.0,2.0,1.0,0.0,2.0,0.0,' negativ
2172,2.0,2.0,1.0,0.0,2.0,0.0,' negativ
2173,2.0,2.0,1.0,0.0,2.0,0.0,' negativ
2174,2.0,2.0,1.0,0.0,1.0,0.0,' negativ
2175,2.0,2.0,1.0,0.0,1.0,0.0,' negativ
2176,2.0,2.0,1.0,0.0,1.0,1.0,' negativ
2177,2.0,2.0,1.0,0.0,1.0,0.0,' negativ
2178,2.0,2.0,1.0,0.0,1.0,1.0,' negativ
2179,2.0,2.0,1.0,0.0,2.0,0.0,' negativ
2180,2.0,2.0,1.0,0.0,2.0,0.0,' negativ
2181,2.0,2.0,1.0,0.0,2.0,1.0,' negativ
2182,2.0,2.0,1.0,1.0,1.0,0.0,' negativ
2183,2.0,2.0,1.0,1.0,1.0,1.0,' negativ
2184,2.0,2.0,1.0,1.0,1.0,1.0,' negativ
2185,2.0,2.0,1.0,1.0,1.0,0.0,' negativ
2186,2.0,2.0,1.0,1.0,1.0,1.0,' negativ
2187,2.0,2.0,1.0,1.0,2.0,0.0,' negativ
2188,2.0,2.0,1.0,1.0,2.0,1.0,' negativ
2189,2.0,2.0,1.0,1.0,2.0,1.0,' negativ
2190,2.0,2.0,1.0,1.0,1.0,1.0,' negativ
2191,2.0,2.0,1.0,1.0,1.0,1.0,' negativ
2192,2.0,2.0,1.0,1.0,1.0,2.0,' negativ
2193,2.0,2.0,1.0,1.0,1.0,1.0,' negativ
2194,2.0,2.0,1.0,1.0,1.0,2.0,' negativ
2195,2.0,2.0,1.0,1.0,2.0,1.0,' negativ
2196,2.0,2.0,1.0,1.0,2.0,1.0,' negativ
2197,2.0,2.0,1.0,1.0,2.0,2.0,' negativ
2198,2.0,2.0,1.0,2.0,1.0,1.0,' negativ
2199,2.0,2.0,1.0,2.0,1.0,1.0,' negativ
2200,2.0,2.0,1.0,2.0,2.0,1.0,' negativ
2201,2.0,2.0,1.0,2.0,2.0,2.0,' negativ
2202,2.0,2.0,1.0,2.0,1.0,2.0,' negativ
2203,2.0,2.0,1.0,2.0,1.0,2.0,' negativ
2204,2.0,2.0,1.0,2.0,2.0,2.0,' negativ
2205,2.0,2.0,1.0,2.0,2.0,2.0,' negativ
2206,2.0,2.0,1.0,2.0,2.0,2.0,' negativ
2207,2.0,2.0,1.0,2.0,2.0,2.0,' negativ
2208,2.0,2.0,2.0,0.0,1.0,0.0,' negativ
2209,2.0,2.0,2.0,0.0,2.0,0.0,' negativ
2210,2.0,2.0,2.0,0.0,1.0,0.0,' negativ
2211,2.0,2.0,2.0,0.0,1.0,0.0,' negativ
2212,2.0,2.0,2.0,0.0,1.0,0.0,' negativ
2213,2.0,2.0,2.0,0.0,2.0,0.0,' negativ
2214,2.0,2.0,2.0,0.0,2.0,0.0,' negativ
2215,2.0,2.0,2.0,0.0,1.0,0.0,' negativ
2216,2.0,2.0,2.0,0.0,1.0,0.0,' negativ
2217,2.0,2.0,2.0,0.0,1.0,1.0,' negativ
2218,2.0,2.0,2.0,0.0,2.0,0.0,' negativ
2219,2.0,2.0,2.0,0.0,2.0,1.0,' negativ
2220,2.0,2.0,2.0,1.0,1.0,0.0,' negativ
2221,2.0,2.0,2.0,1.0,1.0,1.0,' negativ
2222,2.0,2.0,2.0,1.0,2.0,0.0,' negativ
2223,2.0,2.0,2.0,1.0,2.0,1.0,' negativ
2224,2.0,2.0,2.0,1.0,1.0,1.0,' negativ
2225,2.0,2.0,2.0,1.0,1.0,1.0,' negativ
2226,2.0,2.0,2.0,1.0,1.0,2.0,' negativ
2227,2.0,2.0,2.0,1.0,2.0,2.0,' negativ
2228,2.0,2.0,2.0,2.0,1.0,1.0,' negativ
2229,2.0,2.0,2.0,2.0,1.0,2.0,' negativ
2230,2.0,2.0,2.0,2.0,1.0,2.0,' negativ
2231,2.0,2.0,2.0,2.0,2.0,1.0,' negativ
2232,2.0,2.0,2.0,2.0,2.0,2.0,' negativ
2233,2.0,2.0,2.0,2.0,1.0,2.0,' negativ
2234,2.0,2.0,2.0,2.0,2.0,2.0,' negativ
2235,2.0,2.0,2.0,2.0,2.0,2.0,' negativ